1000
38080
38080
38080
38080
38080
38080
38080
38080
38080
38080
38080
38080
38080
38080
38080
38080
38080
38080
38080
38080
38080
38080
38080
38080
38080
38080
38080
38080
38080
38080
38080
38080
38080
38080
38080
38080
38080
38080
38080
38080
38080
38080
38080
38080
38080
38080
38080
38080
38080
38080
38076
38072
38068
38064
38060
38056
38052
38048
38044
38040
38036
38032
38028
38024
38020
38016
38012
38008
38004
38000
37996
37992
37988
37984
37980
37976
37972
37968
37964
37960
37956
37952
37948
37944
37940
37936
37932
37928
37924
37920
37916
37912
37908
37904
37900
37896
37892
37888
37884
37880
37872
37864
37856
37848
37840
37832
37824
37816
37808
37800
37792
37784
37776
37768
37760
37752
37744
37736
37728
37720
37712
37704
37696
37688
37680
37672
37664
37656
37648
37640
37632
37624
37616
37608
37600
37592
37584
37576
37568
37560
37552
37544
37536
37528
37520
37512
37504
37496
37488
37480
37468
37456
37444
37432
37420
37408
37396
37384
37372
37360
37348
37336
37324
37312
37300
37288
37276
37264
37252
37240
37228
37216
37204
37192
37180
37168
37156
37144
37132
37120
37108
37096
37084
37072
37060
37048
37036
37024
37012
37000
36988
36976
36964
36952
36940
36928
36916
36904
36892
36880
36864
36848
36832
36816
36800
36784
36768
36752
36736
36720
36704
36688
36672
36656
36640
36624
36608
36592
36576
36560
36544
36528
36512
36496
36480
36464
36448
36432
36416
36400
36384
36368
36352
36336
36320
36304
36288
36272
36256
36240
36224
36208
36192
36176
36160
36144
36128
36112
36096
36080
36060
36040
36020
36000
35980
35960
35940
35920
35900
35880
35860
35840
35820
35800
35780
35760
35740
35720
35700
35680
35660
35640
35620
35600
35580
35560
35540
35520
35500
35480
35460
35440
35420
35400
35380
35360
35340
35320
35300
35280
35260
35240
35220
35200
35180
35160
35140
35120
35100
35080
35056
35032
35008
34984
34960
34936
34912
34888
34864
34840
34816
34792
34768
34744
34720
34696
34672
34648
34624
34600
34576
34552
34528
34504
34480
34456
34432
34408
34384
34360
34336
34312
34288
34264
34240
34216
34192
34168
34144
34120
34096
34072
34048
34024
34000
33976
33952
33928
33904
33880
33852
33824
33796
33768
33740
33712
33684
33656
33628
33600
33572
33544
33516
33488
33460
33432
33404
33376
33348
33320
33292
33264
33236
33208
33180
33152
33124
33096
33068
33040
33012
32984
32956
32928
32900
32872
32844
32816
32788
32760
32732
32704
32676
32648
32620
32592
32564
32536
32508
32480
32448
32416
32384
32352
32320
32288
32256
32224
32192
32160
32128
32096
32064
32032
32000
31968
31936
31904
31872
31840
31808
31776
31744
31712
31680
31648
31616
31584
31552
31520
31488
31456
31424
31392
31360
31328
31296
31264
31232
31200
31168
31136
31104
31072
31040
31008
30976
30944
30912
30880
30844
30808
30772
30736
30700
30664
30628
30592
30556
30520
30484
30448
30412
30376
30340
30304
30268
30232
30196
30160
30124
30088
30052
30016
29980
29944
29908
29872
29836
29800
29764
29728
29692
29656
29620
29584
29548
29512
29476
29440
29404
29368
29332
29296
29260
29224
29188
29152
29116
29080
29040
29000
28960
28920
28880
28840
28800
28760
28720
28680
28640
28600
28560
28520
28480
28440
28400
28360
28320
28280
28240
28200
28160
28120
28080
28040
28000
27960
27920
27880
27840
27800
27760
27720
27680
27640
27600
27560
27520
27480
27440
27400
27360
27320
27280
27240
27200
27160
27120
27080
27036
26992
26948
26904
26860
26816
26772
26728
26684
26640
26596
26552
26508
26464
26420
26376
26332
26288
26244
26200
26156
26112
26068
26024
25980
25936
25892
25848
25804
25760
25716
25672
25628
25584
25540
25496
25452
25408
25364
25320
25276
25232
25188
25144
25100
25056
25012
24968
24924
24880
24832
24784
24736
24688
24640
24592
24544
24496
24448
24400
24352
24304
24256
24208
24160
24112
24064
24016
23968
23920
23872
23824
23776
23728
23680
23632
23584
23536
23488
23440
23392
23344
23296
23248
23200
23152
23104
23056
23008
22960
22912
22864
22816
22768
22720
22672
22624
22576
22528
22480
22428
22376
22324
22272
22220
22168
22116
22064
22012
21960
21908
21856
21804
21752
21700
21648
21596
21544
21492
21440
21388
21336
21284
21232
21180
21128
21076
21024
20972
20920
20868
20816
20764
20712
20660
20608
20556
20504
20452
20400
20348
20296
20244
20192
20140
20088
20036
19984
19932
19880
19824
19768
19712
19656
19600
19544
19488
19432
19376
19320
19264
19208
19152
19096
19040
18984
18928
18872
18816
18760
18704
18648
18592
18536
18480
18424
18368
18312
18256
18200
18144
18088
18032
17976
17920
17864
17808
17752
17696
17640
17584
17528
17472
17416
17360
17304
17248
17192
17136
17080
17020
16960
16900
16840
16780
16720
16660
16600
16540
16480
16420
16360
16300
16240
16180
16120
16060
16000
15940
15880
15820
15760
15700
15640
15580
15520
15460
15400
15340
15280
15220
15160
15100
15040
14980
14920
14860
14800
14740
14680
14620
14560
14500
14440
14380
14320
14260
14200
14140
14080
14016
13952
13888
13824
13760
13696
13632
13568
13504
13440
13376
13312
13248
13184
13120
13056
12992
12928
12864
12800
12736
12672
12608
12544
12480
12416
12352
12288
12224
12160
12096
12032
11968
11904
11840
11776
11712
11648
11584
11520
11456
11392
11328
11264
11200
11136
11072
11008
10944
10880
10812
10744
10676
10608
10540
10472
10404
10336
10268
10200
10132
10064
9996
9928
9860
9792
9724
9656
9588
9520
9452
9384
9316
9248
9180
9112
9044
8976
8908
8840
8772
8704
8636
8568
8500
8432
8364
8296
8228
8160
8092
8024
7956
7888
7820
7752
7684
7616
7548
7480
7408
7336
7264
7192
7120
7048
6976
6904
6832
6760
6688
6616
6544
6472
6400
6328
6256
6184
6112
6040
5968
5896
5824
5752
5680
5608
5536
5464
5392
5320
5248
5176
5104
5032
4960
4888
4816
4744
4672
4600
4528
4456
4384
4312
4240
4168
4096
4024
3952
3880
3804
3728
3652
3576
3500
3424
3348
3272
3196
3120
3044
2968
2892
2816
2740
2664
2588
2512
2436
2360
2284
2208
2132
2056
1980
1904
1828
1752
1676
1600
1524
1448
1372
1296
1220
1144
1068
992
916
840
764
688
612
536
460
384
308
232
76
0
2000
796 795 15
838 837 16
243 244 4
632 633 12
409 410 8
401 402 8
385 384 7
449 448 8
729 730 14
299 300 6
11 12 0
714 713 14
211 212 4
140 139 2
293 294 5
324 325 6
511 512 10
835 834 16
63 62 1
495 496 9
445 446 8
600 601 12
121 120 2
956 957 19
25 26 0
624 625 12
659 658 13
28 29 0
42 41 0
533 534 10
595 594 11
668 669 13
678 679 13
757 758 15
283 282 5
36 37 0
336 337 6
79 80 1
39 40 0
40 41 0
417 418 8
670 671 13
261 262 5
546 545 10
932 931 18
967 968 19
49 48 0
477 478 9
527 528 10
273 274 5
383 384 7
969 968 19
23 22 0
191 192 3
896 895 17
353 354 7
735 734 14
58 59 1
219 218 4
60 61 1
200 199 4
539 540 10
141 142 2
786 787 15
154 153 3
836 835 16
909 908 18
503 504 10
524 525 10
888 889 17
916 917 18
293 292 5
148 147 2
74 75 1
807 806 16
95 96 1
923 924 18
96 95 1
344 345 6
374 373 7
964 965 19
82 83 1
460 459 9
83 84 1
467 468 9
922 923 18
961 960 19
797 796 15
726 727 14
491 492 9
91 92 1
212 211 4
510 511 10
530 531 10
845 844 16
961 962 19
423 424 8
861 862 17
792 793 15
100 101 2
368 367 7
102 103 2
103 104 2
509 510 10
41 42 0
421 420 8
126 127 2
276 277 5
360 361 7
977 976 19
965 964 19
714 715 14
933 932 18
687 688 13
69 70 1
772 771 15
447 446 8
170 171 3
479 478 9
120 121 2
820 821 16
405 404 8
734 735 14
441 440 8
439 440 8
361 362 7
127 128 2
128 129 2
44 45 0
487 486 9
209 210 4
851 852 17
207 208 4
833 832 16
135 136 2
579 580 11
53 52 1
149 148 2
139 140 2
62 61 1
275 276 5
142 143 2
1000 999 20
423 422 8
145 146 2
762 763 15
265 264 5
630 631 12
974 973 19
505 506 10
644 643 12
488 489 9
928 929 18
373 374 7
843 842 16
938 939 18
838 839 16
156 155 3
159 160 3
80 79 1
965 966 19
782 783 15
517 518 10
221 220 4
165 166 3
525 524 10
419 418 8
168 169 3
169 170 3
137 136 2
86 85 1
215 216 4
173 174 3
843 844 16
778 779 15
254 255 5
33 34 0
932 933 18
297 298 5
882 881 17
312 311 6
182 183 3
183 184 3
541 542 10
1 1000 10000
313 314 6
872 873 17
569 568 11
189 190 3
2 1 0
704 705 14
239 240 4
380 379 7
823 822 16
788 789 15
744 743 14
960 961 19
172 171 3
545 544 10
450 451 9
592 591 11
631 632 12
611 612 12
237 238 4
1000 1 10000
500 501 10
331 330 6
741 740 14
665 666 13
799 798 15
224 225 4
422 421 8
778 777 15
720 719 14
24 25 0
810 809 16
365 364 7
218 219 4
882 883 17
220 221 4
123 122 2
222 223 4
223 224 4
993 994 19
776 777 15
858 859 17
516 515 10
17 18 0
944 943 18
643 642 12
393 392 7
821 822 16
233 234 4
841 840 16
884 885 17
189 188 3
801 800 16
506 507 10
704 703 14
798 799 15
787 786 15
242 243 4
802 803 16
467 466 9
804 803 16
771 770 15
900 899 18
825 826 16
116 117 2
690 689 13
451 450 9
857 858 17
253 254 5
979 978 19
434 435 8
952 951 19
316 315 6
719 718 14
128 127 2
774 773 15
1 2 0
179 178 3
256 255 5
262 263 5
468 469 9
877 876 17
917 916 18
981 982 19
150 151 3
235 234 4
483 484 9
638 637 12
836 837 16
274 275 5
420 419 8
598 597 11
277 278 5
597 596 11
479 480 9
867 866 17
912 911 18
282 283 5
453 452 9
284 285 5
779 780 15
387 386 7
266 267 5
976 977 19
289 290 5
530 529 10
962 963 19
732 731 14
627 626 12
304 303 6
370 369 7
689 690 13
351 350 7
831 832 16
713 714 14
930 931 18
301 302 6
563 564 11
433 434 8
392 391 7
305 306 6
837 836 16
307 308 6
570 569 11
927 928 18
364 365 7
92 93 1
482 481 9
558 559 11
111 110 2
710 711 14
308 309 6
354 355 7
922 921 18
414 413 8
159 158 3
400 401 8
502 503 10
669 668 13
781 782 15
279 280 5
326 327 6
636 635 12
328 329 6
928 927 18
767 768 15
27 26 0
48 49 0
469 468 9
225 224 4
335 336 6
656 655 13
337 338 6
66 65 1
457 458 9
977 978 19
52 51 1
193 192 3
48 47 0
82 81 1
4 5 0
346 347 6
846 845 16
940 939 18
160 161 3
532 533 10
621 622 12
26 25 0
500 499 10
885 884 17
819 818 16
281 280 5
275 274 5
876 875 17
490 491 9
733 734 14
280 281 5
369 368 7
363 364 7
936 935 18
726 725 14
366 367 7
892 893 17
368 369 7
338 339 6
292 293 5
972 971 19
320 319 6
636 637 12
194 195 3
294 293 5
628 629 12
556 557 11
378 379 7
976 975 19
114 115 2
507 508 10
188 187 3
574 573 11
832 833 16
111 112 2
288 289 5
732 733 14
468 467 9
54 53 1
402 401 8
391 392 7
529 528 10
619 620 12
737 736 14
514 513 10
634 635 12
751 752 15
589 590 11
943 942 18
988 989 19
675 676 13
753 752 15
15 16 0
404 405 8
76 77 1
780 779 15
93 92 1
295 294 5
5 6 0
193 194 3
355 354 7
571 572 11
279 278 5
691 692 13
6 5 0
357 358 7
722 723 14
499 498 9
938 937 18
420 421 8
953 952 19
371 372 7
766 767 15
445 444 8
901 900 18
559 558 11
287 286 5
866 867 17
936 937 18
799 800 16
227 226 4
477 476 9
745 746 14
662 661 13
609 608 12
516 517 10
410 411 8
438 439 8
388 387 7
748 747 14
853 852 17
222 221 4
413 412 8
730 729 14
492 493 9
446 447 8
524 523 10
73 72 1
853 854 17
400 399 8
47 48 0
72 73 1
786 785 15
456 457 9
917 918 18
803 804 16
980 981 19
601 600 12
898 899 17
700 699 14
903 902 18
728 729 14
202 203 4
815 816 16
465 466 9
466 467 9
561 560 11
124 123 2
900 901 18
470 471 9
635 636 12
985 986 19
158 157 3
677 678 13
257 258 5
653 654 13
743 742 14
700 701 14
314 313 6
226 227 4
138 139 2
599 598 11
815 814 16
484 485 9
803 802 16
486 487 9
572 573 11
152 153 3
897 896 17
937 938 18
827 828 16
790 791 15
569 570 11
494 495 9
703 702 14
759 758 15
478 477 9
329 328 6
885 886 17
805 806 16
501 502 10
77 78 1
980 979 19
908 909 18
13 14 0
146 147 2
668 667 13
246 245 4
745 744 14
246 247 4
251 250 5
552 553 11
283 284 5
784 783 15
973 972 19
758 759 15
810 811 16
709 710 14
458 459 9
88 89 1
403 402 8
59 58 1
523 524 10
440 441 8
9 8 0
535 536 10
370 371 7
373 372 7
697 698 13
258 257 5
103 102 2
661 662 13
65 64 1
554 555 11
38 39 0
848 849 16
627 628 12
990 991 19
315 314 6
658 657 13
27 28 0
800 801 16
268 267 5
57 58 1
3 4 0
155 156 3
344 343 6
548 549 10
816 817 16
198 197 3
777 776 15
512 513 10
556 555 11
497 496 9
555 556 11
180 181 3
557 558 11
9 10 0
435 434 8
490 489 9
788 787 15
518 517 10
317 318 6
764 765 15
984 985 19
390 389 7
749 748 14
8 7 0
255 256 5
717 716 14
856 855 17
386 387 7
573 574 11
758 757 15
983 984 19
891 892 17
84 83 1
880 881 17
136 137 2
613 614 12
238 239 4
493 492 9
583 584 11
444 443 8
899 900 18
359 358 7
760 759 15
263 264 5
582 583 11
902 903 18
591 592 11
520 519 10
485 484 9
626 625 12
119 120 2
596 597 11
597 598 11
169 168 3
71 72 1
266 265 5
601 602 12
475 476 9
603 604 12
6 7 0
288 287 5
672 673 13
154 155 3
177 178 3
382 381 7
473 472 9
115 114 2
952 953 19
647 646 12
614 615 12
615 616 12
991 990 19
702 701 14
854 853 17
762 761 15
255 254 5
162 163 3
415 416 8
463 464 9
966 965 19
583 582 11
236 235 4
4 3 0
314 315 6
856 857 17
153 152 3
302 303 6
339 340 6
951 950 19
958 957 19
294 295 5
498 497 9
862 863 17
921 922 18
184 185 3
640 641 12
646 645 12
121 122 2
164 163 3
147 148 2
473 474 9
375 376 7
911 912 18
676 675 13
765 766 15
827 826 16
245 244 4
652 653 13
519 518 10
878 877 17
33 32 0
218 217 4
205 204 4
662 663 13
684 685 13
322 321 6
592 593 11
186 187 3
376 377 7
814 815 16
567 568 11
402 403 8
214 213 4
311 310 6
319 320 6
99 98 1
711 710 14
828 829 16
673 674 13
674 675 13
887 888 17
543 544 10
113 114 2
748 749 14
893 894 17
820 819 16
44 43 0
871 870 17
683 684 13
497 498 9
914 913 18
443 442 8
849 850 17
654 653 13
933 934 18
258 259 5
826 827 16
692 693 13
859 860 17
883 882 17
590 589 11
688 687 13
685 686 13
674 673 13
296 297 5
964 963 19
542 541 10
702 703 14
756 757 15
851 850 17
705 706 14
924 925 18
457 456 9
822 821 16
96 97 1
675 674 13
711 712 14
870 869 17
925 926 18
67 68 1
978 977 19
716 717 14
715 714 14
881 882 17
568 567 11
358 359 7
429 430 8
777 778 15
824 825 16
372 371 7
35 36 0
757 756 15
61 60 1
73 74 1
278 277 5
684 683 13
672 671 13
387 388 7
696 695 13
742 743 14
763 762 15
991 992 19
534 535 10
300 301 6
129 130 2
466 465 9
787 788 15
677 676 13
645 644 12
515 514 10
36 35 0
417 416 8
698 697 13
302 301 6
379 378 7
389 390 7
210 211 4
986 987 19
163 164 3
754 755 15
869 868 17
889 888 17
34 35 0
619 618 12
542 543 10
625 624 12
761 762 15
444 445 8
375 374 7
873 872 17
775 776 15
536 537 10
394 393 7
137 138 2
930 929 18
49 50 1
633 634 12
243 242 4
384 385 7
774 775 15
474 475 9
994 995 19
931 930 18
749 750 15
285 286 5
217 218 4
298 297 5
605 604 12
864 863 17
784 785 15
785 786 15
623 622 12
741 742 14
903 904 18
789 790 15
959 958 19
396 395 7
67 66 1
167 166 3
847 846 16
190 191 3
20 21 0
199 200 4
211 210 4
715 716 14
649 648 12
801 802 16
756 755 15
648 649 12
71 70 1
14 13 0
512 511 10
175 174 3
133 134 2
105 106 2
458 457 9
811 812 16
812 813 16
330 329 6
125 124 2
707 706 14
250 249 5
957 956 19
818 819 16
86 87 1
21 20 0
17 16 0
822 823 16
295 296 5
454 453 9
686 685 13
212 213 4
561 562 11
575 576 11
912 913 18
839 838 16
628 627 12
30 29 0
833 834 16
688 689 13
830 829 16
555 554 11
837 838 16
299 298 5
362 361 7
840 841 16
462 461 9
196 195 3
369 370 7
844 845 16
462 463 9
359 360 7
847 848 16
151 152 3
893 892 17
850 851 17
580 579 11
578 577 11
133 132 2
615 614 12
855 856 17
166 165 3
110 111 2
480 481 9
156 157 3
860 861 17
789 788 15
158 159 3
170 169 3
463 462 9
710 709 14
703 704 14
604 605 12
23 24 0
53 54 1
793 794 15
871 872 17
971 970 19
873 874 17
74 73 1
875 876 17
101 100 2
432 433 8
878 879 17
643 644 12
771 772 15
718 719 14
60 59 1
883 884 17
648 647 12
761 760 15
335 334 6
858 857 17
70 71 1
440 439 8
379 380 7
600 599 12
969 970 19
470 469 9
894 895 17
611 610 12
241 240 4
3 2 0
695 696 13
145 144 2
982 981 19
395 394 7
14 15 0
343 342 6
329 330 6
755 754 15
505 504 10
604 603 12
485 486 9
184 183 3
910 911 18
471 472 9
85 84 1
65 66 1
163 162 3
421 422 8
625 626 12
455 456 9
918 919 18
701 702 14
944 945 18
834 833 16
151 150 3
347 346 6
935 936 18
342 343 6
926 927 18
12 13 0
153 154 3
929 930 18
326 325 6
931 932 18
694 693 13
769 770 15
934 935 18
831 830 16
447 448 8
587 588 11
696 697 13
321 322 6
114 113 2
535 534 10
908 907 18
63 64 1
706 705 14
811 810 16
409 408 8
947 948 18
69 68 1
488 487 9
854 855 17
874 875 17
712 711 14
973 974 19
954 955 19
448 447 8
617 616 12
377 376 7
958 959 19
309 310 6
426 425 8
814 813 16
543 542 10
630 629 12
892 891 17
638 639 12
966 967 19
355 356 7
968 969 19
522 523 10
970 971 19
971 972 19
795 794 15
945 946 18
727 728 14
518 519 10
161 162 3
975 974 19
978 979 19
646 647 12
951 952 19
641 642 12
503 502 10
548 547 10
502 501 10
231 230 4
863 864 17
987 988 19
308 307 6
989 990 19
832 831 16
835 836 16
992 993 19
357 356 7
406 407 8
995 996 19
180 179 3
631 630 12
271 272 5
318 317 6
150 149 3
997 996 19
144 143 2
75 76 1
347 348 6
813 814 16
857 856 17
779 778 15
915 914 18
339 338 6
11 10 0
89 90 1
671 672 13
979 980 19
332 333 6
388 389 7
898 897 17
18 17 0
603 602 12
612 613 12
341 340 6
902 901 18
776 775 15
577 578 11
670 669 13
637 636 12
915 916 18
28 27 0
29 28 0
731 732 14
879 880 17
47 46 0
201 202 4
34 33 0
219 220 4
537 536 10
563 562 11
38 37 0
31 30 0
939 938 18
41 40 0
215 214 4
264 263 5
230 231 4
946 945 18
46 45 0
484 483 9
401 400 8
454 455 9
205 206 4
817 818 16
744 745 14
949 948 18
722 721 14
411 412 8
56 55 1
671 670 13
887 886 17
612 611 12
472 473 9
50 51 1
413 414 8
572 571 11
64 63 1
240 241 4
481 482 9
397 398 7
946 947 18
904 903 18
70 69 1
325 324 6
807 808 16
16 15 0
118 117 2
75 74 1
998 999 19
77 76 1
589 588 11
79 78 1
680 681 13
412 413 8
919 920 18
83 82 1
436 437 8
868 869 17
940 941 18
620 619 12
729 728 14
907 906 18
278 279 5
307 306 6
92 91 1
864 865 17
909 910 18
527 526 10
78 79 1
178 177 3
98 97 1
476 477 9
100 99 2
584 583 11
817 816 16
287 288 5
90 91 1
105 104 2
360 359 7
107 106 2
316 317 6
452 453 9
334 335 6
785 784 15
573 572 11
251 252 5
247 246 4
179 180 3
547 548 10
725 726 14
657 656 13
997 998 19
120 119 2
921 920 18
712 713 14
493 494 9
642 641 12
664 665 13
37 38 0
313 312 6
260 261 5
509 508 10
130 129 2
292 291 5
590 591 11
939 940 18
134 133 2
663 662 13
136 135 2
306 307 6
138 137 2
513 514 10
297 296 5
290 289 5
805 804 16
143 142 2
8 9 0
780 781 15
272 271 5
309 308 6
398 397 7
253 252 5
955 954 19
349 348 6
238 237 4
607 608 12
106 105 2
581 582 11
418 419 8
536 535 10
806 807 16
651 650 13
719 720 14
366 365 7
107 108 2
914 915 18
692 691 13
165 164 3
441 442 8
453 454 9
168 167 3
575 574 11
767 766 15
721 722 14
356 355 7
553 552 11
174 173 3
867 868 17
176 175 3
517 516 10
959 960 19
21 22 0
491 490 9
181 180 3
182 181 3
183 182 3
608 609 12
728 727 14
108 109 2
187 186 3
276 275 5
236 237 4
125 126 2
112 113 2
91 90 1
206 207 4
155 154 3
72 71 1
281 282 5
221 222 4
550 551 11
199 198 3
81 82 1
598 599 11
348 347 6
691 690 13
204 203 4
657 658 13
644 645 12
610 611 12
208 207 4
443 444 8
235 236 4
203 204 4
257 256 5
705 704 14
869 870 17
197 196 3
410 409 8
217 216 4
29 30 0
59 60 1
22 21 0
129 128 2
24 23 0
709 708 14
224 223 4
489 490 9
459 460 9
907 908 18
819 820 16
521 520 10
730 731 14
654 655 13
45 46 0
233 232 4
595 596 11
868 867 17
742 741 14
686 687 13
345 346 6
486 485 9
240 239 4
515 516 10
94 93 1
695 694 13
112 111 2
57 56 1
614 613 12
386 385 7
609 610 12
544 543 10
439 438 8
232 231 4
506 505 10
171 170 3
84 85 1
93 94 1
348 349 6
496 495 9
175 176 3
259 258 5
260 259 5
783 784 15
639 638 12
263 262 5
923 922 18
865 864 17
208 209 4
267 266 5
394 395 7
269 268 5
270 269 5
271 270 5
232 233 4
273 272 5
442 441 8
541 540 10
508 509 10
870 871 17
261 260 5
794 795 15
738 737 14
391 390 7
974 975 19
531 530 10
669 670 13
244 245 4
659 660 13
667 666 13
920 919 18
289 288 5
415 414 8
346 345 6
620 621 12
284 283 5
698 699 13
97 98 1
296 295 5
104 105 2
834 835 16
157 158 3
300 299 6
201 200 4
318 319 6
303 302 6
464 463 9
305 304 6
306 305 6
15 14 0
613 612 12
50 49 1
890 889 17
144 145 2
321 320 6
113 112 2
334 333 6
713 712 14
459 458 9
338 337 6
999 1000 20
941 940 18
372 373 7
733 732 14
660 661 13
323 322 6
324 323 6
241 242 4
525 526 10
666 665 13
724 725 14
498 499 9
352 353 7
330 331 6
526 527 10
581 580 11
265 266 5
514 515 10
336 335 6
45 44 0
80 81 1
747 748 14
772 773 15
988 987 19
342 341 6
149 150 3
449 450 9
697 696 13
216 217 4
585 584 11
135 134 2
653 652 13
171 172 3
558 557 11
852 851 17
353 352 7
354 353 7
35 34 0
975 976 19
782 781 15
98 99 1
298 299 5
606 607 12
361 360 7
528 529 10
363 362 7
124 125 2
768 767 15
681 680 13
195 194 3
101 102 2
229 228 4
264 265 5
407 408 8
576 575 11
12 11 0
365 366 7
934 933 18
376 375 7
918 917 18
349 350 7
160 159 3
717 718 14
381 380 7
431 432 8
196 197 3
469 470 9
104 103 2
650 649 13
286 287 5
131 130 2
645 646 12
566 567 11
891 890 17
586 585 11
824 823 16
85 86 1
117 116 2
884 883 17
998 997 19
207 206 4
972 973 19
475 474 9
378 377 7
390 391 7
743 744 14
736 737 14
905 906 18
567 566 11
310 311 6
408 407 8
664 663 13
7 8 0
411 410 8
687 686 13
78 77 1
529 530 10
465 464 9
416 415 8
317 316 6
418 417 8
793 792 15
560 561 11
428 427 8
580 581 11
332 331 6
89 88 1
986 985 19
40 39 0
427 426 8
618 619 12
127 126 2
277 276 5
431 430 8
432 431 8
433 432 8
434 433 8
649 650 13
436 435 8
437 436 8
438 437 8
876 877 17
948 947 18
412 411 8
526 525 10
622 621 12
768 769 15
886 887 17
755 756 15
650 651 13
384 383 7
754 753 15
267 268 5
214 215 4
452 451 9
735 736 14
496 497 9
455 454 9
904 905 18
990 989 19
161 160 3
64 65 1
2 3 0
461 462 9
544 545 10
367 368 7
906 905 18
770 771 15
802 801 16
920 921 18
95 94 1
510 509 10
504 505 10
471 470 9
683 682 13
268 269 5
812 811 16
534 533 10
540 541 10
81 80 1
427 428 8
19 20 0
585 586 11
989 988 19
39 38 0
225 226 4
576 577 11
545 546 10
806 805 16
31 32 0
531 532 10
88 87 1
941 942 18
55 54 1
752 753 15
117 118 2
494 493 9
495 494 9
262 261 5
331 332 6
574 575 11
5 4 0
337 336 6
256 257 5
925 924 18
198 199 3
718 717 14
499 500 10
197 198 3
507 506 10
508 507 10
913 912 18
333 334 6
622 623 12
949 950 19
362 363 7
953 954 19
520 521 10
94 95 1
550 549 11
272 273 5
367 366 7
927 926 18
551 552 11
522 521 10
723 724 14
896 897 17
775 774 15
131 132 2
140 141 2
528 527 10
707 708 14
593 592 11
110 109 2
532 531 10
102 101 2
501 500 10
950 949 19
399 400 8
554 553 11
234 233 4
539 538 10
303 304 6
511 510 10
594 595 11
244 243 4
249 248 4
942 943 18
209 208 4
617 618 12
87 88 1
557 556 11
540 539 10
551 550 11
651 652 13
492 491 9
356 357 7
25 24 0
725 724 14
549 548 10
109 110 2
621 620 12
269 270 5
682 681 13
523 522 10
16 17 0
564 563 11
206 205 4
566 565 11
770 769 15
43 42 0
385 386 7
877 878 17
861 860 17
738 739 14
68 67 1
99 100 2
660 659 13
229 230 4
577 576 11
881 880 17
570 571 11
213 214 4
333 332 6
582 581 11
629 630 12
122 123 2
623 624 12
10 9 0
587 586 11
588 587 11
897 898 17
416 417 8
226 225 4
406 405 8
192 193 3
311 312 6
655 656 13
596 595 11
227 228 4
474 473 9
605 606 12
364 363 7
995 994 19
291 290 5
19 18 0
599 600 12
797 798 15
606 605 12
607 606 12
565 566 11
956 955 19
610 609 12
895 896 17
681 682 13
203 202 4
343 344 6
442 443 8
616 615 12
245 246 4
618 617 12
967 966 19
950 951 19
633 632 12
791 790 15
186 185 3
624 623 12
872 871 17
513 512 10
399 398 7
422 423 8
629 628 12
652 651 13
395 396 7
632 631 12
690 691 13
634 633 12
460 461 9
905 904 18
216 215 4
919 918 18
699 700 14
640 639 12
641 640 12
157 156 3
352 351 7
429 428 8
739 740 14
428 429 8
414 415 8
476 475 9
983 982 19
247 248 4
190 189 3
773 774 15
886 885 17
472 471 9
655 654 13
982 983 19
252 253 5
693 694 13
852 853 17
562 563 11
237 236 4
116 115 2
424 423 8
734 733 14
90 89 1
736 735 14
393 394 7
480 479 9
132 131 2
859 858 17
981 980 19
407 406 8
673 672 13
647 648 12
122 121 2
676 677 13
424 425 8
254 253 5
679 678 13
680 679 13
371 370 7
993 992 19
187 188 3
146 145 2
685 684 13
270 271 5
947 946 18
845 846 16
213 212 4
22 23 0
842 843 16
996 997 19
693 692 13
642 643 12
863 862 17
464 465 9
119 118 2
665 664 13
699 698 13
635 634 12
286 285 5
248 247 4
579 578 11
957 958 19
61 62 1
172 173 3
626 627 12
708 707 14
174 175 3
173 172 3
848 847 16
689 688 13
389 388 7
901 902 18
30 31 0
716 715 14
721 720 14
504 503 10
220 219 4
547 546 10
328 327 6
18 19 0
408 409 8
724 723 14
960 959 19
382 383 7
727 726 14
185 184 3
325 326 6
564 565 11
345 344 6
591 590 11
185 186 3
840 839 16
210 209 4
552 551 11
839 840 16
280 279 5
739 738 14
616 617 12
62 63 1
823 824 16
746 745 14
383 382 7
377 378 7
242 241 4
855 854 17
955 956 19
740 741 14
750 749 15
809 810 16
42 43 0
666 667 13
828 827 16
658 659 13
663 664 13
239 238 4
55 56 1
708 709 14
593 594 11
559 560 11
875 874 17
396 397 7
584 585 11
769 768 15
350 351 7
519 520 10
425 424 8
482 483 9
608 607 12
230 229 4
435 436 8
773 772 15
66 67 1
166 167 3
720 721 14
844 843 16
682 683 13
568 569 11
906 907 18
781 780 15
51 52 1
783 782 15
403 404 8
320 321 6
481 480 9
426 427 8
829 830 16
32 33 0
790 789 15
108 107 2
792 791 15
132 133 2
794 793 15
76 75 1
842 841 16
588 589 11
798 797 15
164 165 3
340 341 6
489 488 9
228 229 4
340 339 6
87 86 1
841 842 16
285 284 5
430 429 8
808 807 16
327 328 6
381 382 7
521 522 10
750 751 15
813 812 16
849 848 16
929 928 18
538 537 10
392 393 7
818 817 16
830 831 16
661 660 13
821 820 16
327 326 6
943 944 18
866 865 17
825 824 16
826 825 16
935 934 18
578 579 11
860 859 17
751 750 15
706 707 14
141 140 2
223 222 4
398 399 7
701 700 14
358 357 7
68 69 1
549 550 11
753 754 15
562 561 11
740 739 14
13 12 0
54 55 1
7 6 0
764 763 15
350 349 7
962 961 19
148 149 2
109 108 2
850 849 17
126 125 2
791 792 15
763 764 15
405 406 8
234 235 4
404 403 8
656 657 13
795 796 15
752 751 15
829 828 16
809 808 16
52 53 1
913 914 18
804 805 16
58 57 1
177 176 3
679 680 13
301 300 6
176 177 3
178 179 3
747 746 14
130 131 2
737 738 14
874 873 17
450 449 9
231 232 4
322 323 6
437 438 8
191 190 3
880 879 17
248 249 4
26 27 0
808 809 16
999 998 19
351 352 7
380 381 7
118 119 2
888 887 17
816 815 16
310 309 6
538 539 10
167 168 3
290 291 5
894 893 17
895 894 17
694 695 13
994 993 19
56 57 1
899 898 17
10 11 0
425 426 8
565 564 11
560 559 11
571 570 11
228 227 4
865 866 17
202 201 4
204 205 4
291 292 5
910 909 18
911 910 18
461 460 9
846 847 16
678 677 13
766 765 15
916 915 18
37 36 0
134 135 2
963 964 19
456 455 9
304 305 6
419 420 8
800 799 16
890 891 17
487 488 9
924 923 18
46 47 0
594 593 11
537 538 10
483 482 9
274 273 5
926 925 18
123 124 2
796 797 15
533 532 10
142 141 2
937 936 18
765 764 15
448 449 8
43 44 0
319 318 6
942 941 18
51 50 1
430 431 8
945 944 18
948 949 18
315 316 6
602 603 12
374 375 7
97 96 1
341 342 6
546 547 10
259 260 5
954 953 19
147 146 2
637 638 12
312 313 6
639 640 12
32 31 0
889 890 17
194 193 3
723 722 14
162 161 3
446 445 8
282 281 5
152 151 3
602 601 12
478 479 9
879 878 17
970 969 19
586 587 11
192 191 3
249 250 5
195 196 3
992 991 19
963 962 19
731 730 14
323 324 6
200 201 4
106 107 2
139 138 2
759 760 15
984 983 19
667 668 13
181 182 3
553 554 11
143 144 2
746 747 14
250 251 5
987 986 19
252 251 5
188 189 3
20 19 0
115 116 2
760 761 15
996 995 19
985 984 19
397 396 7
968 967 19
862 861 17
451 452 9
