1000
42786
60402
159980
135940
152650
47270
23424
121388
39786
137296
5308
65322
109336
2116
108794
26296
194312
26380
90926
48400
19938
98828
776
78
110500
135662
160622
157550
92614
142874
143452
79478
12030
36264
102008
117104
35814
160708
2162
12488
198890
182242
41660
38572
37754
176908
79470
45320
153056
196942
115150
29890
113056
160504
45990
9776
166832
186484
104684
199426
199534
74830
24824
172344
54948
15030
63732
72142
158148
57600
155022
166016
167712
196470
198412
131894
95398
71456
794
134650
103362
136610
167674
89586
151846
13330
48604
92580
122008
152572
36780
172592
90536
8088
180656
197912
150264
178400
121798
100060
125228
143338
114168
40324
168848
62322
160754
60768
50360
89476
171338
31012
26172
94122
46682
80376
60316
184154
95356
6628
158968
21310
179404
125676
185052
132000
161958
104520
93436
189846
143060
121156
12076
119916
126124
110478
198768
67782
164434
123478
93520
45354
9594
43210
158790
90168
153304
171238
29852
155124
3156
60174
46634
46750
96572
99602
57272
181090
183024
114060
178382
82072
140870
31462
139848
143270
148670
82472
91906
175284
163668
122280
113784
41538
135330
42804
132324
8680
49026
159870
29264
199736
74290
91146
192426
118162
132534
139006
123604
74920
163830
12582
69796
13336
94240
193116
97564
77738
148998
101590
2690
113008
82726
122146
20176
15418
157660
51804
86364
128934
34672
41686
163026
75070
166820
159442
69682
140876
66254
128276
58698
139940
6088
44792
44474
132778
197206
53644
155752
189034
53942
126982
96436
161522
45172
27204
31508
193036
87782
90900
197940
66396
7396
16250
176338
78126
197810
183470
78218
136020
136754
169684
114894
167360
61128
82932
59264
89340
102060
62682
28148
139406
143216
101350
174840
72782
80668
186696
144380
1828
77714
71186
140092
69804
191944
48986
128544
190554
183572
159528
186866
44182
72854
102670
49534
157874
58288
56582
119646
162582
199512
194180
50610
115254
85422
61070
133802
32452
147324
106218
9298
166078
31188
147608
150906
116178
144426
41136
111222
143508
28686
44664
87240
100516
24386
4642
169562
50606
196162
85276
199544
125650
2958
196922
36098
75990
97958
49224
190672
59710
69614
172998
140588
93920
197082
10190
99134
43378
16256
1320
199100
4488
156942
116054
61554
3868
51982
15012
104962
44490
13852
15018
31450
154690
99718
164398
72296
129028
3478
101606
146608
54202
177780
159604
12324
161268
42704
159826
26448
147238
161618
131096
31254
102672
107740
134016
75916
159408
72742
169114
160490
136918
99920
173300
86600
128956
163518
79632
171654
44572
105152
131532
133202
84064
90304
139592
99058
108162
66966
21666
46188
26310
149278
78102
51398
180122
121744
53268
94102
42040
118318
135140
183620
197240
84196
136002
106322
140438
97608
173424
150958
44754
112426
29612
161640
52084
185578
114406
18158
187430
162706
71260
94754
190494
150378
29600
47864
186216
25976
170664
40904
3780
50940
109774
100406
178430
178428
112078
52662
19592
36436
168060
61718
7558
103236
26132
80872
139608
96280
53764
171862
47494
90588
123750
174706
39604
147856
54784
95140
13086
41236
101502
170552
101272
51908
30658
11964
56206
28390
87934
139370
37748
45800
69732
76154
188142
195770
181064
124604
19560
180836
82090
184408
191734
79414
132918
76330
192858
27312
49426
164418
7484
12556
125116
166658
122446
111606
156024
152008
43514
45116
169394
182692
32902
10530
88758
16256
2956
22032
152014
77292
108110
195356
860
199544
139142
175784
192724
41108
68190
83618
196460
157506
93628
79496
3012
137254
166190
37678
169326
104272
121624
184714
162016
154630
20438
59342
108654
142504
48112
104926
24110
132540
101280
144314
98198
112822
129560
180460
157202
131612
88560
6338
182800
31474
15166
84864
107322
54932
33144
123986
31492
136472
44068
62276
152310
102438
95654
137916
149394
160178
98082
71300
76294
135694
149582
77226
136988
176754
51928
157436
26042
180186
1804
83078
36602
157342
111344
137418
28488
7440
3938
24580
130582
19234
36404
27992
145036
39272
32916
157686
65718
11516
75262
55206
162988
112124
8622
169164
27640
144000
35720
148430
117738
21708
127506
149576
48088
118628
55360
180162
73870
152576
63814
143416
172366
24292
94730
140538
24264
146464
93068
8376
142136
141500
153868
169686
130396
70810
33946
94050
11268
113364
63958
49192
120064
76424
9766
124342
156012
38030
69952
51466
141294
74952
13358
133724
110646
178472
87654
45120
149592
2812
197332
150186
109628
176472
50664
79814
136946
113648
133860
102608
75838
19996
134714
134196
135854
70512
46174
57780
189792
123946
5922
180920
132118
170336
88824
20090
72908
9388
185404
76320
5244
18650
155874
70640
151272
42352
105718
101864
101786
164898
115362
66812
129608
151398
103816
24972
68368
65950
96142
33790
185920
70110
187070
185118
119446
680
193142
41468
154946
151144
7428
141902
91734
174382
17144
143202
13508
16368
40424
125004
97954
187584
19740
44274
1714
22650
185346
111034
115356
105816
164748
185886
128310
189926
156818
34512
110538
145640
177160
117054
22812
161210
102920
43022
157812
162540
19610
175666
30572
84830
189470
38866
173174
40888
189026
173924
156730
1266
79302
130476
33856
177564
164814
38640
170752
96500
11116
133834
87296
108710
36242
62698
111114
195328
169460
167864
102554
13842
192266
163886
33172
49324
166464
85690
91292
3374
121230
91868
32600
46870
162538
20212
65912
132884
141266
43836
146978
42436
191914
86706
106856
96272
67306
125500
136874
12
180152
84094
109236
34550
25084
89434
118066
3012
97738
8540
179306
1970
60414
37242
43074
178108
130094
79760
113826
133312
100240
41598
164788
84170
87732
177964
60140
133900
18662
87880
29010
53932
89438
87300
114780
110510
70374
191996
162910
154480
17570
58138
175218
103278
25010
30632
150614
163484
178298
151036
178570
185350
89734
189184
111840
173232
40640
44458
104470
108616
119802
180140
14792
40688
128146
121828
71880
150224
172456
123666
41122
104920
75106
51286
127022
54218
67622
118536
94708
162512
76258
64890
115566
146398
35894
37022
33234
25224
93490
151876
193310
58116
110642
195068
194770
133108
189872
168486
5570
199248
121398
187802
121332
193712
81600
63488
6006
109046
18278
129318
14776
47552
113222
182412
62020
68880
139466
9178
84722
160602
118652
133448
100054
122486
17478
194124
108124
115242
162540
115792
162522
22198
168444
106926
158216
69664
80568
192706
111620
148144
133182
129794
121394
99282
162406
170876
182620
111262
42382
158990
130056
122434
176536
180282
21546
96186
23506
199482
55704
109618
34562
173846
118180
168874
82976
119436
179970
171332
168860
183776
90424
5000
982 686 9126
884 965 7509
81 721 6136
54 405 2334
226 879 9221
614 18 2284
998 692 3768
769 943 8570
73 508 7163
143 435 6728
654 265 5817
349 665 6073
234 833 6831
458 303 5419
985 740 9374
787 838 5174
60 389 7807
941 723 129
827 48 9849
207 670 5114
652 146 6075
350 190 8573
853 643 3417
192 974 5066
14 137 5181
523 63 4877
662 211 9651
11 361 6450
377 230 7597
515 26 3729
373 131 5327
824 32 1242
300 540 4849
263 715 6722
785 773 8851
439 192 727
172 620 6803
269 594 719
615 271 6366
482 540 945
430 658 3280
923 588 9681
185 163 9592
991 775 6271
330 14 2231
662 193 3847
487 796 3499
886 697 1388
366 823 6627
819 259 2958
398 364 1239
530 399 3138
256 402 102
797 965 7959
61 610 3764
243 31 1267
286 414 3964
56 96 7136
252 735 7193
298 858 4479
881 65 4304
497 87 9706
877 638 1873
360 898 4273
667 685 7730
663 689 9109
637 189 3593
704 861 9430
360 731 5464
523 275 8369
529 984 1773
785 808 2867
201 552 9507
823 213 2881
969 326 4805
14 19 1960
597 620 9208
92 826 1414
629 448 4914
720 451 235
341 453 5424
351 632 5589
777 952 1120
463 576 9353
305 618 7411
546 518 6758
86 195 3975
317 789 6867
675 683 9520
428 516 7493
258 690 2976
892 595 2254
734 809 9513
478 252 6402
518 779 4300
389 880 1433
238 888 2991
917 665 2180
173 434 3144
700 805 2591
939 94 8088
798 298 1564
978 22 6683
909 686 3848
121 481 5841
354 719 721
960 895 2956
831 973 8688
288 14 7966
638 380 3134
169 920 4036
439 321 1675
700 175 2320
126 632 3370
956 308 2629
45 95 1367
478 367 1946
306 336 7563
556 494 5160
210 613 8785
601 771 711
768 271 3806
224 821 258
352 105 1326
656 647 2548
274 820 7228
753 380 1750
839 827 7618
624 494 7768
362 839 337
716 616 3392
946 421 7727
527 651 6004
803 17 850
344 922 4788
820 115 5046
967 937 8018
385 448 1943
843 282 1177
588 50 4259
806 529 374
845 20 2034
174 268 1134
290 99 4267
683 20 5469
135 347 2677
697 269 5900
14 905 2953
147 858 9284
37 716 7194
824 483 505
914 766 4833
581 216 5500
937 235 5964
861 107 6340
989 613 2264
236 743 303
287 181 7486
669 490 1522
53 793 6867
640 115 3387
184 284 5796
974 801 7090
104 151 4311
704 498 7648
894 350 8460
141 359 7359
968 488 2745
792 317 8689
890 396 9211
234 341 7837
678 831 7846
537 154 7813
450 656 5255
718 611 4103
697 556 9018
340 316 6697
997 218 7184
600 288 5128
836 2 7412
300 678 3235
323 848 4160
845 529 6255
825 63 9499
828 487 3575
328 227 3814
767 455 7594
48 147 9383
116 317 7352
829 545 1267
740 764 4718
251 824 4639
978 751 899
219 438 7026
695 846 7516
26 929 4183
131 393 5977
429 180 5538
689 116 6775
807 37 1001
674 150 2825
346 439 1395
344 870 4352
549 748 7582
961 767 2212
855 287 5722
121 360 8074
986 41 6848
312 932 75
182 501 9637
580 264 5369
757 67 8620
961 537 5216
504 290 8094
20 591 6704
8 736 3601
635 806 5322
29 123 4889
452 216 2938
62 43 6715
483 890 379
591 341 2477
302 674 8152
273 176 3547
780 561 4398
240 947 1500
844 699 6230
925 92 9617
11 864 3306
816 434 8298
358 154 6764
312 629 6396
912 446 7013
246 379 7571
184 989 4058
45 335 327
670 101 6809
164 443 6710
489 525 8101
925 923 3019
234 961 32
8 455 309
767 443 6057
66 66 6743
125 122 6698
191 746 887
450 128 4683
884 222 4374
126 1000 5496
823 987 6106
870 295 2292
56 214 3858
56 986 2998
623 447 6271
207 958 4691
510 794 6887
550 625 8524
128 117 489
348 923 9391
393 749 32
884 617 7977
491 51 4066
138 257 9066
149 558 1560
798 980 9545
258 23 732
651 980 3104
63 724 6247
170 314 6851
576 308 2337
700 589 4268
895 205 3002
971 525 4285
87 957 9564
759 630 740
94 632 2867
544 789 8202
868 535 4247
139 185 9566
197 966 5849
486 682 3485
259 860 9362
35 88 3811
105 998 2485
196 506 1445
902 234 1504
517 882 1892
998 428 1297
578 194 6987
958 724 8509
536 530 150
224 198 4174
961 270 6307
629 840 7226
359 673 7138
297 931 7247
966 491 238
350 2 3887
164 599 2930
211 183 9238
815 512 1968
935 81 2907
361 377 4538
416 670 7219
754 826 9994
653 28 5668
169 816 9081
977 744 1446
987 335 646
742 259 7823
642 783 9214
257 494 4892
865 852 6023
85 758 8207
650 915 5283
905 757 543
610 527 9720
300 223 8582
611 357 6774
484 72 7973
64 823 1724
94 849 1091
1000 819 8668
978 778 6627
510 299 833
345 540 6230
574 766 2145
117 74 4850
18 767 1320
594 991 6203
66 820 2933
865 640 1708
34 392 2778
22 566 4609
425 594 87
288 888 8207
597 261 3290
733 108 1437
169 178 4341
502 78 8714
762 278 6279
636 294 7832
428 393 9166
299 973 2580
524 788 7283
328 115 3778
573 953 9001
664 15 7547
799 31 2836
411 566 1732
35 980 4597
94 459 6620
159 65 6864
864 850 2727
913 591 2774
169 309 7040
687 27 2382
931 905 3155
30 368 2259
836 252 89
262 444 1523
328 354 3204
491 871 9997
85 11 9386
298 630 6874
881 485 4817
937 975 2902
889 448 7789
768 90 9986
72 562 3150
553 975 6484
604 844 4362
884 750 9680
275 434 9186
741 46 3104
365 899 6706
276 386 4860
222 86 6273
431 249 2264
686 200 8285
915 897 1823
346 106 7868
300 618 7514
89 227 3508
105 878 8752
284 976 1044
878 928 2712
332 815 4939
321 475 8982
667 83 1498
779 897 7682
516 488 4684
636 625 910
443 625 1372
197 135 4949
612 148 8663
614 802 5858
892 321 8888
659 538 2523
996 675 2674
987 220 4619
987 905 4525
19 63 2840
967 998 2122
412 787 880
910 629 52
21 120 5889
988 775 6183
858 46 4806
742 562 8762
625 837 1344
907 502 4458
385 886 5797
148 841 9474
415 774 6970
657 22 6822
681 372 7910
400 306 2356
318 497 6742
731 616 1550
545 992 2743
777 422 3689
612 858 1729
510 931 7205
143 586 8576
281 613 7140
441 195 3570
538 139 9850
98 635 8132
108 862 3124
880 130 250
581 324 8404
423 592 2608
581 998 2352
999 445 6548
730 968 2322
847 797 2564
698 437 8038
76 99 9087
575 247 8155
334 294 1516
710 30 1661
560 102 4274
564 87 9227
994 275 6545
862 705 1295
618 663 5714
209 956 8041
553 54 9109
438 159 2133
962 501 5397
436 507 8355
367 538 7045
205 191 3588
645 842 5084
610 519 5335
178 325 4637
986 726 950
474 328 2239
853 25 2194
145 668 704
864 973 1335
934 809 3328
957 492 2606
133 720 1404
821 304 490
620 140 6669
623 44 9528
861 511 2993
327 681 1039
743 125 7904
415 708 5948
123 517 444
715 966 3295
835 161 5911
105 788 7080
26 726 6110
359 976 3097
913 679 4729
534 402 3222
371 134 373
490 106 658
419 653 7042
940 925 8695
991 106 812
450 108 684
706 854 954
696 878 4956
618 722 2238
166 469 1250
925 31 8837
33 943 2902
862 202 3395
271 711 5839
426 990 3246
111 819 9872
23 812 2815
761 506 8514
503 310 5174
496 112 569
827 910 981
238 502 9352
118 665 8639
348 757 1706
965 65 4072
879 792 939
861 725 6672
420 3 5434
908 284 6528
17 713 3026
639 75 4255
97 817 1319
115 758 6498
558 936 614
786 318 4500
893 475 6538
142 475 2554
783 827 1593
89 462 6020
935 944 389
837 140 1460
264 226 7064
457 105 8938
879 391 9477
865 259 6266
483 851 2467
135 485 7505
246 352 2605
171 6 1838
786 320 2179
886 657 6132
642 530 1667
44 12 517
249 434 8430
960 714 9536
993 166 9077
335 799 3867
584 988 3584
871 117 9816
889 197 5708
445 998 9555
128 541 5894
25 374 7727
686 907 8140
730 113 6513
734 598 4869
104 742 8193
645 142 7408
235 109 7935
13 962 6965
636 864 7115
103 969 9331
621 693 4213
602 631 950
800 892 4885
291 693 9985
541 98 6123
553 831 2895
536 379 20
840 532 3205
862 4 226
214 635 3844
827 83 310
277 277 8235
764 21 7020
786 557 192
687 782 8648
377 407 9328
550 659 9625
168 309 2528
222 176 188
136 978 2553
658 97 4945
691 547 2602
520 970 3866
142 179 3718
322 285 2442
966 805 8849
286 801 8134
186 510 8334
911 10 491
941 84 590
294 153 8316
3 381 3093
511 275 8649
731 578 9653
967 392 3999
820 400 3693
581 55 8332
827 627 9269
300 372 1170
226 979 7818
71 833 7515
925 692 9489
682 481 2313
302 569 3627
588 955 4858
478 357 8598
498 962 5441
691 924 4383
546 533 4926
280 720 6638
309 224 8364
298 939 5300
832 505 3935
222 571 7691
3 412 8811
133 604 8535
684 308 8448
264 31 2076
172 562 8891
884 856 3090
311 29 2437
60 587 2092
949 742 648
379 148 6336
714 215 9523
66 564 5641
218 7 5473
880 64 6123
724 742 9255
567 177 2764
767 274 9128
471 748 5394
843 587 6070
961 929 8661
783 739 7159
740 564 5038
512 249 6305
130 114 7644
997 341 2260
448 739 6240
797 681 8520
63 207 3823
2 948 6610
789 992 4408
997 516 839
477 874 7701
304 661 1972
743 365 4885
434 594 3208
726 227 7390
920 717 9694
658 551 2150
455 752 3670
682 103 648
211 874 9603
110 245 1183
927 123 6694
745 663 1140
544 973 7773
217 620 4931
258 58 5346
608 439 9396
421 690 6334
84 901 7757
154 732 1120
463 970 684
289 762 5197
111 214 9694
872 419 6345
366 737 4591
915 705 4316
484 707 3536
173 338 6942
84 608 7119
250 426 8064
972 652 6384
437 326 9409
414 426 1379
537 612 3182
32 363 9769
281 213 4920
885 940 7532
294 114 4544
376 863 3782
534 884 4260
842 515 7191
942 403 7444
952 563 9516
831 930 1439
32 241 8203
946 434 5950
289 959 8520
846 551 9784
633 927 893
989 951 1515
180 854 6818
71 773 7101
884 660 5282
231 555 5971
355 631 4427
727 594 6508
165 457 8392
170 717 1765
506 187 9911
792 895 8396
394 11 5602
655 27 4343
425 73 4495
234 207 3812
61 637 2264
225 209 9817
543 387 1991
796 142 6541
875 767 7976
887 133 9526
236 61 2409
682 160 3911
242 823 4837
380 38 1111
352 749 7705
768 893 7046
790 904 7258
771 956 1068
488 380 1329
802 992 1457
440 826 2297
59 683 8070
878 883 4531
402 445 4709
224 700 1481
319 539 2994
109 346 3590
424 799 9408
280 440 7357
79 861 5716
720 294 136
980 375 5991
577 409 3864
250 272 8044
979 409 831
971 688 1846
291 131 2014
957 299 7677
324 90 8827
619 800 7842
41 166 2164
788 900 6022
942 713 7259
414 850 1543
712 970 9994
408 425 1851
124 594 1688
234 321 4831
146 238 5425
128 670 9499
710 797 7714
971 512 8822
332 909 2666
639 431 5047
561 628 2591
212 461 1385
521 113 9796
70 732 3467
842 150 7482
876 698 3674
672 245 2578
319 250 8348
221 480 8993
767 908 553
244 530 701
696 593 5483
842 391 4239
392 179 2900
679 696 7990
667 502 8105
620 219 8909
553 339 1516
652 192 7270
278 144 6707
956 859 1625
448 938 3360
839 11 2604
776 608 5773
363 244 1975
752 385 4816
179 452 726
178 710 8775
814 253 3666
280 47 4492
765 913 5916
245 79 829
355 680 395
755 833 2498
179 437 2460
47 240 122
874 604 4001
670 558 6
567 826 7845
85 6 8163
310 537 5099
851 63 573
746 334 8146
383 49 3876
586 616 7475
891 972 7613
702 904 5337
554 685 3952
364 581 1839
841 350 4777
19 42 4290
126 974 1150
924 154 3275
488 422 9903
88 110 50
930 959 1563
680 11 6991
154 325 352
682 175 9810
148 653 7655
684 162 3663
997 612 5349
581 308 1779
966 466 9658
974 764 6911
977 66 297
62 54 6649
71 848 4914
970 403 1847
908 608 2594
815 397 9636
612 333 5046
748 448 9201
486 211 8243
4 699 3155
375 222 534
219 561 4115
192 540 7056
583 440 1520
872 738 150
992 63 1461
191 107 9583
437 90 7590
327 26 2438
574 928 2871
566 408 3640
444 826 8225
713 350 2313
287 702 6092
340 219 9987
218 186 3766
117 855 3098
147 80 6824
426 647 6993
197 659 632
617 662 744
669 876 2949
329 704 4300
307 886 9645
676 374 5994
900 278 8485
872 360 7158
961 36 1322
142 849 8258
968 95 4252
748 489 3764
892 467 8189
733 363 6250
780 621 8374
649 95 2399
482 826 3000
226 106 7406
873 698 5345
371 307 5281
783 199 9969
583 300 2333
133 919 4046
523 392 6073
590 485 3905
864 838 6067
737 758 4527
974 719 6485
467 235 8006
258 898 459
589 786 4763
309 301 3548
916 522 2387
80 813 5315
178 1 7581
96 515 1939
708 95 3675
83 152 1882
540 395 6925
98 25 4581
596 524 8814
529 857 9940
315 145 3316
312 556 6738
21 519 9323
71 540 363
176 628 9562
74 383 5047
84 776 1429
555 253 4734
629 475 9070
968 219 3621
822 749 3267
65 150 9452
719 283 4218
860 33 8769
653 106 7913
863 608 4157
599 937 9287
165 618 6579
906 570 6699
237 875 1814
979 236 1952
664 238 7666
753 124 8849
321 532 9209
618 433 2318
429 978 5560
539 839 5813
81 275 8523
498 550 2555
169 121 8564
827 374 6556
769 747 4235
387 473 6865
83 818 7133
129 916 4277
329 998 3142
391 643 196
277 606 4297
577 984 7611
192 677 209
212 646 8099
118 53 3008
833 709 9440
114 360 2873
817 488 7981
745 705 9532
863 94 8932
60 61 6623
137 893 2769
222 719 7149
532 832 6567
253 33 1492
444 534 4083
93 862 5161
421 264 7445
189 751 6298
30 316 1703
912 186 5170
272 159 6337
322 572 2853
655 195 945
713 424 7387
549 113 7005
946 100 733
622 323 6054
888 83 1959
599 52 3129
661 183 6338
221 256 8997
607 96 2342
866 533 8047
277 345 2101
556 122 4892
160 837 1784
113 83 1976
729 280 2990
851 400 2990
383 637 2162
447 599 640
473 375 4900
399 33 6105
308 211 9001
1 903 7236
540 339 7832
600 960 4546
465 734 7283
141 580 7497
234 632 2849
71 902 4549
256 432 9575
280 959 3674
843 37 5174
797 27 2412
592 979 304
259 168 7074
467 628 6252
151 720 1767
317 904 4599
44 695 9057
2 678 5221
511 351 6558
901 237 8445
192 183 257
265 689 5129
486 340 5124
559 839 7801
200 957 1754
24 406 7842
545 145 8261
20 181 3848
766 866 4783
224 437 4517
533 807 4926
20 22 5008
88 828 2572
168 105 5211
651 71 8663
62 679 8670
859 541 8030
615 442 9865
331 677 7921
978 968 6784
224 950 7491
719 693 3562
81 418 5748
706 341 8968
157 86 3251
165 382 2430
832 674 2677
958 281 7658
120 188 5520
115 428 4899
660 33 827
882 598 2339
834 262 5585
983 234 7560
331 842 5714
973 479 6486
573 876 767
455 882 3273
222 485 4529
326 381 1622
814 571 5220
993 429 4455
781 138 1855
925 213 6821
418 490 658
972 110 9195
119 442 2255
96 564 4552
184 629 9047
568 686 8126
236 46 6711
211 196 5979
337 955 8043
414 104 7896
143 446 7039
897 806 3912
896 547 13
470 129 4479
564 423 8428
343 799 3894
284 199 8716
298 385 8291
866 573 5404
841 737 7320
785 533 1767
304 145 176
540 524 1573
394 985 7432
481 914 1390
915 383 5761
400 192 2929
148 352 7223
470 478 9325
174 16 1644
985 693 1084
312 362 688
460 192 4342
757 501 2526
295 293 2178
150 48 4949
751 420 2541
247 870 1946
376 864 2169
294 259 5802
601 984 3376
322 5 7369
407 957 9347
765 168 5659
336 103 2196
638 535 3253
752 844 2407
893 161 563
615 993 2767
366 926 9939
883 456 7754
909 255 2273
464 683 1581
294 136 6950
364 232 6976
881 786 1128
375 330 5735
47 656 6281
401 510 9573
28 698 3614
871 643 2157
780 662 8734
886 921 8309
455 319 6018
263 827 3368
987 846 3633
420 489 5735
482 491 5298
558 931 3470
806 342 5168
688 76 2218
611 455 1358
952 811 4052
925 361 9726
681 895 7799
494 155 6705
632 861 6659
279 16 6103
16 521 6586
440 10 7650
776 207 5190
139 879 7477
794 813 3116
904 675 2067
237 479 9986
815 801 4215
935 531 2171
346 215 737
836 59 3571
87 795 1481
188 242 6338
327 38 7444
96 883 6071
386 441 8869
330 439 9647
575 147 6161
142 28 6457
192 612 5571
944 634 3255
508 725 5227
171 123 5094
173 951 6868
222 877 2662
61 897 8821
923 52 5169
301 572 4688
689 793 8017
643 215 4184
548 927 8189
742 271 3995
806 240 1423
365 801 1949
706 929 5103
565 927 7089
143 933 2834
495 113 9802
588 244 7165
415 987 271
63 221 3412
966 992 1916
840 425 797
710 1 7091
192 678 6886
892 230 4614
708 725 4955
513 812 9859
290 547 4834
827 280 4230
291 319 8605
381 900 949
35 396 532
425 90 1289
240 946 8439
428 635 3947
929 67 1267
753 822 3624
838 445 1302
306 940 405
494 529 7161
320 896 7948
461 113 6354
174 835 139
230 1000 1978
57 581 9602
819 510 9238
86 766 9941
268 633 2220
825 348 3330
54 555 2409
901 702 8469
7 988 2100
226 849 1197
366 958 2808
133 210 3105
353 578 4754
557 582 4371
589 109 7348
826 60 7248
90 435 1220
593 475 3625
971 116 9596
37 426 1868
412 944 564
960 723 2058
799 652 4593
165 147 4758
953 201 7792
505 923 6747
403 225 8430
110 287 3569
180 633 3919
161 310 6208
540 116 8583
755 390 1052
389 967 8319
253 280 2509
193 620 4421
228 665 9733
972 912 1714
945 85 2053
859 508 4990
229 48 2694
392 431 8423
923 673 2507
775 648 3445
738 667 7631
262 523 489
565 461 5184
523 677 6180
428 211 3888
628 549 9390
367 719 5914
827 809 4057
284 233 4285
170 495 7429
117 289 6079
720 704 6327
608 354 1786
368 244 4764
919 870 5322
458 276 4382
575 967 5554
679 718 491
71 560 1317
682 423 4264
697 655 6213
651 453 3253
300 399 7838
423 587 7178
320 315 1334
591 601 6852
165 627 2062
895 600 5285
88 462 9024
748 19 6603
192 329 2804
734 527 9290
122 244 8713
657 536 8407
760 587 4820
473 545 3998
901 656 5956
662 704 3398
370 16 4172
291 155 1672
651 558 4079
335 691 3940
943 565 5437
613 669 324
143 169 2001
219 738 9977
488 921 1811
848 950 9823
43 494 5425
214 998 6956
575 433 8088
856 433 1312
373 271 3148
477 806 4873
882 509 5440
851 477 7001
19 272 7471
768 229 1774
255 611 5280
465 933 9486
640 861 37
417 423 9358
960 82 7157
602 558 5844
347 139 8900
190 691 4276
486 592 4265
393 352 6979
601 317 4138
524 171 2025
700 457 5203
242 991 943
819 967 7570
437 600 6764
134 306 7115
348 775 8734
974 481 1153
229 997 6973
182 912 6786
50 25 4958
92 527 4996
497 666 1950
523 307 4790
816 509 4535
501 899 5553
132 748 8796
480 264 6904
343 949 8958
751 498 5995
739 396 274
365 300 2382
567 936 2181
588 533 8685
569 384 2263
609 826 2828
609 27 8019
569 652 6198
951 286 5915
330 23 2995
526 52 9768
122 886 9809
319 722 6682
594 95 9207
59 148 7653
803 50 5723
299 29 8607
193 619 5057
610 255 2636
483 392 5757
665 451 6301
729 798 1648
653 79 8615
156 798 3453
82 134 3416
156 18 2706
308 297 3643
567 800 5159
951 60 7559
12 955 2495
637 83 832
869 46 2334
929 764 113
910 705 5354
72 514 8644
454 343 6343
802 241 8400
835 781 7537
376 354 1547
884 941 2010
592 668 2922
438 352 4850
17 102 4796
273 34 8689
650 112 5225
277 712 6491
340 143 267
629 109 996
910 267 4341
324 628 1752
617 14 5147
334 257 9638
612 846 7728
443 952 9179
731 903 1799
683 374 8363
381 801 3380
518 966 7279
206 414 5373
502 572 7577
514 891 8106
840 843 7271
371 373 1356
498 758 832
793 699 3183
635 937 2144
185 661 4614
361 762 2811
161 498 2543
848 24 5308
903 161 2489
37 244 765
760 949 2130
854 681 2838
735 859 1216
105 834 3925
308 824 130
661 449 4312
849 132 9690
691 399 867
48 679 2637
63 213 6368
784 159 3516
965 446 5153
514 368 8288
783 728 9097
841 76 8479
971 813 4121
500 598 2548
224 266 152
520 703 2200
130 556 9385
837 947 3874
210 381 5742
834 859 3734
765 167 6858
178 143 3731
414 877 7557
384 598 1179
983 111 6319
59 267 1407
807 555 5187
258 707 5066
921 24 4877
655 583 6072
157 436 408
401 37 3064
131 243 3689
619 636 2414
870 267 4751
703 278 1991
98 279 9550
66 731 8874
793 378 9199
926 209 8504
161 74 6854
34 765 7521
704 582 2833
856 700 5284
545 650 4158
651 30 3656
745 77 3997
869 406 5778
485 197 8390
194 371 9478
693 250 4438
319 923 6279
547 73 4692
288 420 2610
741 982 696
809 858 8202
249 228 604
868 462 4759
281 447 6453
894 335 3224
249 654 4893
938 538 7673
756 220 1825
944 391 6196
65 833 5012
909 80 4652
376 893 4945
431 664 7322
532 295 7543
716 516 3454
985 439 2295
705 605 5638
963 392 1545
52 665 554
675 247 1599
279 17 2248
796 136 929
234 387 7233
766 316 3318
473 522 6665
285 149 8452
744 573 1562
20 207 8962
717 467 9186
845 542 1271
262 46 7427
908 47 1679
749 223 9070
165 536 2532
439 238 5465
69 729 9115
610 89 4662
247 993 3612
382 313 3667
354 894 6472
346 155 5271
247 123 4682
152 994 3610
599 734 2385
340 84 8096
837 750 3531
755 929 2674
37 950 580
929 693 4680
310 32 7028
729 356 5690
291 697 2022
255 430 4603
33 212 9193
863 799 4824
26 56 9220
532 918 8238
944 902 757
217 171 4411
153 447 3251
995 597 7971
701 632 4507
893 942 5217
915 813 1906
222 307 896
61 706 64
278 698 2813
92 907 3268
188 300 8448
29 410 9504
757 977 8855
163 841 4331
973 322 6793
561 179 244
331 426 7489
834 482 153
248 744 1416
338 526 1132
93 533 7961
61 204 6076
106 844 9949
247 568 92
304 488 7422
637 876 7523
915 676 93
857 986 1223
66 819 3984
547 171 4346
767 235 1178
627 322 4727
604 394 8755
837 858 4839
605 682 2051
121 811 1648
740 484 2990
677 146 9936
221 573 6747
106 363 5342
849 255 325
973 40 1309
643 30 3597
762 122 8056
625 387 8294
205 382 7813
966 31 7843
492 869 9789
363 561 9434
623 325 710
159 943 3327
129 101 7629
253 965 4171
271 916 3420
505 723 9529
544 584 9026
102 163 4192
677 321 148
317 412 9354
595 217 1183
100 91 2396
410 304 5288
550 964 9007
772 866 3511
616 338 9134
524 728 7317
49 543 2260
279 370 437
593 592 2603
783 215 359
214 21 3249
340 252 1150
292 103 9236
877 843 3186
570 975 1077
291 648 5505
164 332 6931
516 144 3716
196 446 479
315 23 9416
924 307 5481
107 793 6166
337 616 5124
350 17 679
903 698 3015
955 971 3705
588 37 693
174 48 6446
396 374 595
434 221 8763
302 56 5787
493 109 3699
855 926 5605
717 332 7372
365 873 4352
236 847 4081
605 176 919
760 322 2278
522 754 3372
453 973 6131
239 861 1336
70 914 7730
298 816 3670
480 63 6357
721 784 1048
346 350 8267
284 734 6492
351 191 5327
4 846 8577
528 326 9801
125 601 6737
642 800 7599
793 647 3225
88 325 1384
297 590 1558
811 203 9153
890 39 1741
38 201 5159
748 999 3134
887 728 7306
121 690 2243
166 164 4130
890 361 9418
755 621 2477
443 919 3335
430 662 2391
718 372 8675
108 119 6462
618 223 1264
650 175 666
136 505 6978
508 69 4476
593 346 4284
186 686 8246
523 291 2050
327 766 3977
269 994 7608
463 48 7339
848 176 2401
80 621 7790
858 259 1518
320 631 8377
513 730 7318
222 794 2163
50 827 5340
124 895 9612
37 827 2447
51 102 6730
425 742 2888
368 282 868
522 100 6683
457 393 1583
861 965 8410
18 417 2105
235 367 7167
699 599 2562
19 574 7253
990 382 1736
299 714 5789
69 32 6186
809 411 5638
294 649 8624
676 143 4665
73 506 8671
815 866 7838
482 607 1270
279 271 9414
485 433 4149
802 760 6009
341 78 5367
31 56 6431
650 41 2895
800 269 4913
222 358 9458
413 695 7699
502 177 5058
298 405 8005
898 893 3586
723 773 1009
963 316 21
995 328 4485
637 61 5166
103 295 6675
151 291 1579
149 457 7404
337 685 1063
911 957 1154
572 5 9693
258 345 3218
221 383 2772
741 280 447
244 503 2957
268 435 9241
200 924 8660
255 447 5300
622 404 5379
451 51 988
129 446 3759
150 54 3775
878 399 4566
103 853 5641
362 87 5125
276 480 6522
248 915 958
274 539 2208
192 327 7803
988 970 2194
185 205 9176
385 240 9728
52 827 7414
871 64 2071
713 359 2236
434 541 6315
127 392 9711
967 676 3894
388 837 4088
322 544 1299
846 99 2451
545 36 400
705 741 6431
143 216 4291
574 831 1575
152 924 1780
894 845 7615
419 821 698
190 133 8867
866 948 9225
506 511 5250
873 294 3338
744 985 1876
122 318 1666
730 254 2595
599 498 8312
752 705 2574
682 356 8293
754 699 6923
634 811 9904
335 482 5455
8 495 447
301 270 4233
766 595 9351
878 799 469
635 727 1390
709 551 3842
255 197 1443
771 745 8917
503 761 1248
44 496 4781
532 1000 4508
398 879 793
918 156 6457
897 445 1279
58 508 2961
974 136 5921
39 471 3763
330 464 1322
966 157 6136
682 358 3638
779 716 5502
270 991 5577
610 32 4376
402 856 7554
279 301 66
799 650 7835
421 87 2803
949 862 1323
25 889 2159
528 92 2517
806 730 5558
21 722 8186
180 593 7765
445 673 1290
582 341 4363
824 174 4777
137 703 7377
818 466 4829
320 780 2435
788 921 6021
801 125 8058
895 289 1593
500 975 3992
611 169 2618
189 934 4124
875 996 6208
506 205 8869
192 447 394
505 474 8673
617 663 8929
806 368 314
116 361 2928
800 705 9704
251 469 808
437 859 6450
311 697 9612
575 336 1461
516 947 1620
513 155 5182
515 115 3449
447 887 1983
26 621 7272
108 354 1048
658 267 9070
214 756 8539
207 657 7471
938 761 2391
861 698 1582
661 543 5074
455 934 294
867 63 5283
868 478 622
485 402 4332
986 100 689
426 62 4685
537 849 2227
863 54 5756
880 725 9833
412 270 3436
540 67 6199
21 231 8317
241 364 3474
838 590 4616
910 930 3056
85 736 372
247 724 8507
713 451 9057
699 23 4735
897 204 5637
214 553 7090
313 584 2480
675 161 8184
932 58 3202
878 330 7444
833 489 4691
619 717 309
88 375 6716
20 437 2991
910 715 9205
138 73 3954
66 393 1507
510 781 3446
468 718 6751
144 1000 8730
757 832 9480
469 661 299
358 915 1330
945 641 9163
790 690 9217
812 407 8332
730 624 7496
180 153 1806
206 35 938
431 836 9792
933 793 2401
823 880 3472
220 358 5524
106 496 352
829 528 7439
684 142 6501
860 909 7110
522 112 5365
746 992 5237
757 513 5898
936 957 1875
131 640 4190
942 446 8394
518 224 3525
583 747 3055
9 729 3302
782 59 9556
215 904 2166
900 670 7023
336 206 2015
309 267 5338
272 719 4946
470 284 6916
191 966 559
797 779 6956
997 293 5608
487 386 7726
205 927 5802
682 706 6973
847 334 9451
887 60 295
312 290 8164
229 668 5699
419 357 4385
812 453 6982
490 138 1941
88 248 568
907 395 6569
921 786 9581
484 418 2076
37 227 4538
756 43 3990
578 33 8236
233 91 3376
803 102 2235
296 467 1807
266 483 5138
585 169 3785
942 61 748
667 34 3294
882 852 3009
199 789 1268
421 839 8605
118 843 2114
505 819 564
636 762 8363
466 538 6872
337 958 2226
198 456 3447
421 388 3990
319 898 4787
312 110 4716
853 979 2235
222 499 6277
770 251 2100
704 114 515
930 384 6488
276 543 9851
194 895 9059
229 10 699
406 751 9906
768 692 545
827 7 2925
278 253 8116
414 325 5849
911 20 4984
320 370 8820
21 862 415
265 676 7978
963 227 675
235 974 3563
199 787 7344
105 501 6687
506 729 1264
558 43 3911
590 110 9671
897 220 4335
262 953 8394
967 706 3152
429 554 3294
288 660 9012
318 290 6652
611 274 2431
270 645 6198
329 210 756
351 990 4569
704 93 8937
527 135 2483
242 471 1834
97 786 6991
949 975 3478
963 160 4582
394 227 4010
265 778 9720
985 563 898
909 643 1143
472 408 5270
870 839 9087
297 276 434
554 307 4980
547 707 2119
775 93 5475
692 565 8866
14 231 6398
420 805 2778
641 742 5387
319 774 4376
972 609 4053
34 412 237
287 891 2819
536 738 5622
196 945 9096
871 130 8537
570 27 1696
61 957 9321
639 119 7117
903 167 9533
893 567 3415
404 589 6027
980 652 2546
843 489 9865
768 499 2365
878 932 1870
384 5 2490
25 155 4353
880 670 8879
608 109 4036
142 982 6691
924 724 5120
433 436 5689
236 565 3686
640 757 8148
504 664 7507
748 619 6191
358 520 4839
264 53 3002
979 528 5841
566 289 1399
346 667 110
527 320 1166
335 856 7681
601 113 6556
528 466 3043
493 79 6899
426 903 9631
303 445 25
246 526 8174
790 274 479
497 372 8982
121 639 4386
733 585 8764
696 323 8474
836 272 6555
96 93 2293
725 864 3423
446 686 2316
706 552 3841
66 767 4210
865 563 3932
911 574 1188
164 13 7986
438 223 1995
317 175 7862
308 163 7656
208 559 3421
732 824 1403
2 883 8818
446 201 8063
140 284 7194
500 294 3435
446 658 3440
409 758 4507
468 121 6963
739 520 4945
727 960 2433
991 869 7659
771 177 1584
680 117 3017
447 355 150
452 49 5365
472 713 8443
93 155 6591
645 735 5123
960 445 4115
556 247 2138
234 258 5775
342 37 2231
451 593 5024
827 438 2954
766 980 9292
808 61 4755
517 468 2293
417 192 5485
534 596 6574
136 650 6806
62 56 5800
412 543 1387
923 628 4357
712 77 7069
988 599 9481
305 174 5042
597 448 9536
774 41 5027
523 875 7843
8 163 5445
343 902 3608
14 873 7672
838 989 2975
213 251 9517
390 815 761
562 861 8473
150 124 9084
352 103 3103
345 533 8262
699 248 6440
784 968 8638
762 191 5623
404 527 8493
107 645 2371
342 278 3539
333 928 8530
542 928 5948
494 443 5139
875 480 9636
28 96 7416
216 504 146
491 178 3955
161 37 7037
348 962 8585
464 131 8648
213 13 6984
245 5 6208
744 787 7682
58 667 7026
827 561 7886
895 130 1438
582 300 2203
665 366 2889
285 366 6862
173 355 1927
902 607 3550
612 685 357
506 487 1359
597 651 2072
101 147 6856
575 55 5476
806 847 6510
622 109 3954
915 874 5072
513 285 9915
258 656 8264
462 521 9397
110 515 9727
534 61 530
552 438 5221
535 605 8012
745 925 8932
4 253 545
801 349 3472
44 259 8516
93 288 9018
633 582 5635
642 203 96
159 959 3822
967 89 3795
700 176 4825
329 25 9660
516 645 9456
183 204 86
369 688 867
903 330 8303
627 828 7099
830 911 536
132 238 4865
810 882 4006
622 647 6438
217 958 8201
350 728 2807
398 46 2036
409 225 7824
82 460 6844
789 438 1037
742 337 7366
381 635 5157
852 103 435
51 399 9627
229 826 2234
654 915 6235
18 509 5521
440 440 9936
520 464 2159
349 526 654
431 273 9860
343 819 9023
13 373 1836
443 574 6032
417 860 3707
854 149 4747
742 417 9112
664 438 5489
820 785 5650
532 706 426
647 553 9689
763 551 4120
884 993 2190
999 694 226
793 64 5489
939 164 546
384 54 1841
570 572 6446
556 956 8978
11 666 3651
538 694 9186
647 29 9654
26 971 1834
632 809 8180
191 519 232
205 612 5119
151 396 520
317 790 5889
658 787 277
344 691 8297
290 820 277
101 353 2084
127 875 3434
228 707 8602
619 784 5213
230 433 9888
678 406 5531
625 122 2023
165 183 7366
730 622 7642
710 72 4018
55 633 3280
820 265 5377
333 576 949
949 320 6513
164 885 4601
559 901 5697
958 451 5517
669 615 208
197 341 970
838 340 8457
946 325 7457
507 899 3122
662 758 4443
278 226 777
760 802 1039
408 601 4659
522 551 8725
56 614 7727
681 303 8886
333 439 2979
776 423 8031
336 880 2419
916 537 1313
720 414 424
596 212 7082
809 776 2494
496 4 7034
668 107 2594
242 428 1286
454 482 3731
230 384 3938
39 221 4634
712 750 8478
797 758 7194
726 515 3890
564 623 4246
890 89 4018
387 115 5354
631 70 6236
864 196 2359
504 235 4978
1 807 7818
160 460 5153
407 499 1367
792 469 3737
296 742 3289
486 529 1614
470 223 5869
194 492 563
748 68 9065
442 372 9548
529 974 5617
346 443 5963
993 933 5724
103 519 8090
947 203 4579
405 610 4021
688 425 5763
275 611 1324
391 207 9839
985 907 352
524 539 7606
892 996 3448
270 864 5025
404 148 6640
385 209 9733
561 134 5803
553 69 2944
433 370 9686
310 606 3582
981 364 8055
450 868 3652
278 622 929
168 8 815
418 957 1196
830 725 9523
657 287 5013
141 30 5684
697 570 1090
366 603 7371
724 149 3706
619 884 8169
231 557 2686
517 514 5659
394 785 6252
126 393 4965
865 876 9690
648 358 9850
969 720 7849
529 555 8368
709 496 2121
99 664 8974
681 962 7293
432 106 3898
319 644 6471
743 975 4259
586 226 998
378 468 6303
530 138 2237
832 261 2642
235 419 579
765 312 4180
891 907 2289
175 660 1617
744 409 4064
405 66 5356
192 98 8892
77 484 9809
147 356 2083
623 994 1512
633 749 350
124 61 2075
223 251 2062
825 74 4562
172 986 7312
291 67 3357
789 326 3406
657 377 1357
958 93 9085
252 232 1070
612 516 3669
531 8 4585
892 984 4865
590 284 2546
2 398 5798
303 574 7494
21 511 1568
552 753 3827
75 780 5270
728 48 4396
500 757 2602
558 407 7040
540 520 2750
466 930 6496
151 264 7464
388 159 7129
96 771 7841
379 129 3746
158 460 123
341 62 2662
9 756 2409
692 819 7185
354 220 9289
754 308 7343
966 197 7513
616 673 6895
42 323 1363
734 127 7781
928 495 1621
896 644 4686
31 825 5547
443 834 1172
796 998 3279
305 691 928
947 495 8834
431 588 9621
705 304 7764
268 215 1964
272 347 6355
673 507 4245
804 567 402
309 691 2826
931 787 6268
898 582 2016
829 163 3933
298 428 6372
144 356 5686
550 633 9738
250 667 8092
965 611 6429
279 804 6448
495 109 5798
267 205 7687
979 873 8161
401 206 1303
874 175 3543
8 448 658
690 418 7603
11 425 4708
545 683 1740
830 78 9335
788 136 805
111 348 1287
808 411 4846
346 966 8365
707 616 314
443 31 6621
828 607 5641
669 401 9497
837 398 3003
898 147 1416
699 746 1471
989 160 2379
184 344 9247
647 139 4321
648 69 5110
599 471 8914
992 994 8111
552 129 8772
257 604 6524
939 949 2335
878 919 6601
574 726 7220
246 614 6415
333 106 2781
771 165 2508
140 619 8164
883 107 7858
427 966 8978
448 160 2340
163 772 2465
714 388 7090
59 996 7069
698 30 7372
487 701 6589
383 635 2683
856 556 4145
387 346 6695
17 986 9378
526 758 3587
568 356 6299
626 333 5007
845 730 4283
149 870 8737
97 597 3456
585 301 6556
618 556 529
998 678 254
404 754 976
568 64 8233
431 699 129
537 519 8
147 332 1763
427 457 1823
581 481 1144
730 158 8422
894 303 4857
469 366 6148
730 730 6378
476 3 3589
618 444 6720
537 260 7000
755 780 763
832 414 2976
526 340 1481
294 553 2150
22 758 3971
475 213 1180
210 416 1504
772 922 2425
936 800 9603
824 580 1596
954 96 6897
618 316 6043
439 256 6039
809 792 1001
769 654 3641
113 40 8910
165 327 2496
414 444 9269
341 437 7409
699 299 5334
652 246 2283
644 561 4896
582 311 8677
938 880 4164
175 573 16
410 731 5988
297 874 6495
591 720 385
262 321 4618
248 287 8558
639 557 7743
789 109 6169
709 30 5525
758 627 7189
139 927 4134
338 122 7875
634 518 4173
937 780 9077
740 632 6620
520 292 6262
319 395 2064
801 109 4381
335 805 6417
595 30 4526
587 576 8572
487 553 9198
145 674 6729
175 371 8737
618 697 7688
717 784 3134
591 435 4111
317 934 6055
681 504 438
794 370 7274
934 363 2068
871 968 9236
339 244 7769
602 495 8109
966 54 3003
798 740 6994
578 403 5403
106 957 2537
360 272 6778
561 546 5575
661 581 6581
732 548 4830
985 462 7100
119 421 8085
781 828 4289
88 762 7023
337 559 1828
839 714 2465
358 572 1586
511 65 8954
996 552 3028
679 14 2304
647 39 4811
598 978 9715
110 53 7079
195 869 3877
737 47 9337
21 668 7578
480 981 9921
81 423 774
249 875 648
651 351 5446
980 694 8471
547 575 2685
736 4 7850
443 112 812
501 417 2318
233 887 4451
728 969 2249
672 346 6976
651 773 9661
674 746 8236
332 681 1772
717 634 2262
768 836 254
956 518 4412
230 732 390
841 306 1002
954 629 5580
853 6 3754
574 181 4833
143 375 1079
680 290 9859
987 661 8875
651 543 5464
741 314 8589
141 959 4350
675 362 5911
881 181 7761
420 877 714
383 561 635
933 999 8
712 124 2566
405 548 87
928 741 6441
880 966 5907
596 228 1747
223 266 6529
846 494 9193
498 184 8194
531 736 987
316 698 2151
979 1 8294
156 496 3656
62 868 3883
526 376 8234
48 251 3371
874 110 1290
459 21 8219
473 950 1011
283 89 1087
116 154 9984
670 91 8810
780 761 4952
61 106 9746
353 251 8743
809 705 5629
786 315 2088
336 81 9918
880 837 5034
985 13 9357
234 689 9701
26 375 9937
424 839 9948
414 377 6236
64 370 1078
906 76 9305
649 966 9515
616 910 2986
336 683 8795
354 849 1445
904 152 2180
425 977 2355
869 153 8672
379 791 9469
716 632 3182
816 568 4142
401 386 3275
170 407 7519
486 656 2270
701 555 4334
742 27 3356
748 241 6167
683 543 1050
935 70 1260
96 595 5616
501 962 2560
466 197 2614
707 244 1332
896 426 6834
38 154 2729
373 928 4033
589 310 2228
672 787 2600
858 278 6857
958 446 5642
724 492 421
290 654 623
222 513 7131
663 922 1451
868 977 7244
369 654 8564
172 55 1514
324 307 9485
322 1 9746
446 466 2478
95 486 4495
244 728 740
176 259 5634
883 247 9485
969 307 920
663 586 592
712 895 752
412 817 1490
371 196 6866
164 567 1166
825 352 9360
739 575 5086
194 767 9485
109 501 8989
979 148 1599
416 779 8907
569 34 3690
939 533 6212
528 526 911
943 194 3433
76 115 6447
378 255 4279
797 853 2043
529 143 4641
598 886 6468
485 982 3008
594 175 9959
263 983 5407
659 907 9929
165 707 5316
374 725 2842
2 1000 6276
670 808 3120
198 431 7852
101 754 4830
972 855 4017
485 992 2179
166 820 2456
724 674 8495
331 621 9590
188 179 6833
726 402 8414
598 117 5879
843 267 9347
587 595 3292
370 252 6323
27 992 6079
378 460 8402
682 781 8469
81 347 5489
26 20 3934
489 710 8046
741 415 6956
609 617 5350
417 687 6777
400 112 1841
840 617 8309
584 822 6855
458 796 4840
255 68 3358
820 945 5295
328 409 5254
315 684 7900
292 759 3036
963 91 7479
110 693 8614
185 879 4531
599 452 8366
953 911 1643
793 969 1928
674 98 7829
290 117 1784
557 223 4763
92 34 9178
493 252 9550
87 78 5678
738 424 544
956 526 3129
307 314 3117
667 96 6558
494 297 1799
63 78 3654
472 409 8656
648 876 9799
945 790 5538
735 767 2317
282 564 6513
530 935 7319
224 558 4674
674 656 1391
905 857 4758
272 389 5771
317 126 3701
462 324 3622
568 454 3187
221 174 9206
945 100 9034
791 911 6021
272 362 4823
338 681 152
355 752 6024
862 290 3722
25 412 8589
898 326 2965
169 383 3618
558 923 2202
845 785 4685
274 570 8786
236 334 1311
580 885 5529
819 647 305
920 63 9504
463 312 5670
931 20 1183
961 666 6919
80 589 5861
535 666 520
915 942 2929
528 806 8729
334 742 7653
287 909 8826
456 462 9141
535 900 8441
315 535 4370
562 671 7836
126 444 3100
697 784 3126
922 265 1352
133 978 4380
852 395 2265
374 248 1255
379 196 4813
290 265 5285
959 864 3253
142 42 5608
302 546 9824
51 437 2492
940 569 8081
505 34 7482
960 955 487
464 902 6804
588 246 2558
819 897 3704
63 623 7828
577 264 959
599 682 427
783 186 2325
901 461 623
948 232 8687
992 552 4246
93 517 507
464 405 4160
369 79 6515
569 387 6287
249 945 9491
277 746 7014
408 705 8148
402 359 7433
882 138 5903
152 879 1723
913 85 4320
705 596 7981
299 615 3538
442 638 9474
88 18 713
115 985 225
578 966 7692
452 55 9247
514 702 7147
705 616 2519
3 163 9154
881 501 2739
219 55 3154
74 429 2923
243 30 7827
378 443 1818
825 290 8451
944 257 7262
104 251 426
200 600 9916
356 72 7209
740 735 7915
224 670 4107
606 35 6879
435 498 3667
631 599 7289
311 540 7987
528 566 5768
547 723 2656
523 638 3502
26 936 5046
260 39 4324
81 757 6740
793 214 1299
671 114 6012
953 933 8629
234 465 5195
471 119 9002
318 87 5299
573 15 9411
468 485 720
785 925 788
527 937 4853
784 188 2088
592 814 9552
927 820 2546
695 521 2427
9 475 2213
897 291 4627
973 466 6925
617 354 5353
266 598 1855
52 502 5294
56 309 326
751 501 9887
549 448 4296
319 458 1302
529 379 9067
408 245 8882
907 126 4615
418 972 7215
701 202 1242
747 517 360
420 990 8768
696 447 2395
285 36 9098
718 455 8893
359 982 5478
621 193 4596
493 775 1430
110 910 6617
961 232 3204
782 186 4130
32 658 5130
100 322 8530
278 322 3005
118 855 1633
424 884 720
207 999 5666
759 376 4041
814 632 7656
960 540 3856
876 12 9540
198 541 1980
87 360 2695
574 107 4980
111 981 9253
737 984 6080
732 287 7443
899 493 4060
24 324 9987
871 226 5603
559 737 6842
965 324 6196
257 85 3559
599 847 3953
297 217 604
762 116 9961
856 517 9849
333 400 3293
447 52 1717
186 739 5840
802 101 2787
223 236 6418
509 991 9315
226 935 3061
660 101 7746
551 641 2277
610 984 2669
279 245 9108
74 770 7256
931 772 8244
703 393 2794
760 214 4424
476 113 976
874 43 881
437 23 3891
618 345 6900
762 751 8056
969 629 2762
243 751 4230
53 677 4017
80 597 5204
557 242 9504
506 806 8549
241 909 6952
604 679 6132
347 337 4025
751 981 5839
589 76 2967
720 576 3306
288 616 5960
848 614 9071
427 524 409
28 356 2114
516 828 714
647 514 4774
226 607 1005
732 142 3139
38 472 8735
89 317 3521
737 514 7848
632 642 3732
179 581 3423
871 725 1987
811 652 2022
794 55 9405
860 2 6840
800 297 6486
842 598 4006
699 940 9562
680 736 3280
423 515 5395
687 567 8938
500 427 1208
912 114 1725
680 956 2483
369 234 1496
738 255 9217
236 795 4520
459 947 2448
101 22 4940
754 827 2155
984 389 7385
991 641 9196
654 873 3232
906 789 9788
646 874 379
115 562 5551
443 448 4987
155 99 2893
746 926 4343
259 617 3239
657 568 6371
308 697 5012
15 860 8321
166 934 9720
657 895 2025
941 862 70
622 228 2104
728 737 2648
663 774 2868
497 974 2404
989 80 4633
494 105 7970
163 492 4464
149 327 3583
733 275 5352
51 954 1110
449 544 8644
417 162 6204
271 149 7385
577 280 8296
53 754 9488
521 449 4893
615 612 1340
620 36 9720
515 203 5295
221 559 5487
718 214 2751
397 37 6041
98 693 6080
142 195 7033
734 724 1235
944 275 3437
118 842 3324
850 28 4969
67 726 279
176 920 1109
591 834 936
133 393 12
749 17 7217
629 703 9143
12 320 2369
936 21 4526
445 608 5664
231 470 2860
5 945 4236
408 668 1797
14 691 8738
692 219 1431
84 643 5433
799 85 2484
737 719 2574
287 31 7121
876 130 1185
153 687 4164
25 219 6721
58 241 2392
620 207 3438
169 200 6919
409 6 5686
196 766 2636
33 717 2613
920 589 9446
812 305 9888
486 84 2822
240 64 847
785 574 9364
14 678 5555
129 373 1569
198 983 2804
874 567 9570
694 833 6266
670 775 4829
110 479 4809
390 63 3262
315 930 7643
117 262 3552
742 131 263
828 928 8558
521 126 544
454 114 5491
401 28 4039
442 787 7194
624 719 6859
147 650 3610
433 915 4425
705 492 8108
548 140 7721
459 578 3949
996 54 8246
702 323 5604
529 914 7543
776 250 2293
517 799 3648
118 181 4714
843 272 6488
432 30 2405
567 419 9478
21 522 915
474 393 9730
43 461 1685
440 691 6551
5 665 3054
127 131 1057
87 424 7963
159 1 6819
553 173 9811
684 311 2949
486 738 1338
720 817 6450
217 10 7179
665 382 402
415 626 7429
345 704 6781
626 663 6772
717 408 8473
131 170 5144
382 28 3219
725 294 422
51 256 3841
122 33 7536
962 156 5098
480 230 1751
914 566 3903
267 71 2482
364 296 7220
54 354 453
664 81 9598
476 826 4512
403 166 2140
101 159 7248
664 509 1878
11 870 5369
345 620 3751
83 676 5487
662 314 2753
846 827 4736
477 961 8057
128 280 7543
691 271 6196
576 364 110
652 983 5309
712 310 5804
730 893 6110
917 985 7824
663 872 2789
648 551 1456
235 418 2386
446 760 1032
770 611 1286
210 771 9218
187 88 2021
236 685 9335
123 519 2721
518 405 7038
498 338 168
416 929 4423
308 840 1427
243 757 2095
648 400 2652
531 979 7251
839 852 4668
899 507 477
270 21 8440
849 113 8773
443 493 6813
812 420 1903
674 686 1964
291 771 4878
681 596 8775
622 510 6664
386 130 2351
156 722 2669
974 345 2373
757 282 6775
91 139 8751
258 664 5325
983 968 8395
293 591 4826
83 614 8690
670 124 4556
763 195 1814
968 791 2687
869 568 2448
944 397 4395
474 179 2678
491 581 9480
769 766 511
967 381 1432
777 598 8331
580 134 1103
369 49 1946
938 886 5721
67 15 9357
970 362 324
68 880 5537
891 107 7589
112 468 7517
649 391 8519
647 887 9099
27 895 1667
562 390 8328
946 688 6449
689 515 7371
535 593 8477
970 307 6583
270 97 9176
822 40 2041
773 770 2031
449 514 9610
204 342 6330
989 343 3776
185 908 3298
45 997 4629
644 930 4627
550 390 5947
387 611 2795
232 571 9689
650 358 1322
506 672 744
889 909 9342
140 198 7636
75 219 1530
248 330 3085
192 319 4487
908 591 718
703 885 9725
655 481 9701
268 214 6966
864 160 6674
423 147 7099
761 909 5437
609 887 6880
486 771 5541
1 719 2467
652 77 6396
170 203 415
749 819 7294
648 529 4358
991 247 7870
470 827 1569
118 698 1717
99 957 3414
417 466 6363
692 432 4156
207 295 2017
15 133 4896
369 476 6168
210 862 6951
689 663 1420
353 222 5736
842 539 3152
112 391 7294
636 441 1874
573 365 2113
180 971 8617
733 320 4614
286 181 4582
170 435 114
513 850 8798
825 366 4580
403 262 1380
846 337 9519
885 99 4269
70 36 364
890 724 5089
225 954 189
995 416 7931
259 425 7329
644 757 9017
354 555 5275
454 548 5257
622 987 7893
430 189 2389
886 162 5782
104 790 6990
904 923 3803
353 551 5750
608 330 5056
217 92 3751
635 385 6530
543 451 8928
222 550 8411
390 816 6097
274 980 4351
573 72 6139
741 790 3138
431 682 8906
35 993 6330
764 149 1478
887 273 3801
653 731 6889
852 1 3035
144 763 7347
424 303 5447
247 23 1120
753 133 6397
548 989 3342
955 288 8294
850 650 2557
272 470 5318
386 98 1893
879 622 8459
869 722 7666
524 836 2211
852 528 6707
661 673 5410
594 254 1523
905 419 9717
312 449 6600
201 344 2842
873 509 543
853 403 8200
420 781 8355
600 379 6116
480 863 1471
429 621 9038
601 198 3846
452 510 6257
498 779 6802
35 813 2601
273 874 7721
83 263 3750
456 333 143
680 674 3928
910 978 1157
975 492 8379
219 373 5565
670 196 7878
309 242 5087
266 615 1888
116 671 5007
295 857 3970
204 542 6102
239 56 9002
812 265 849
364 30 1065
768 865 1118
241 13 906
349 646 3359
675 602 4139
211 368 266
71 192 7733
46 947 9993
526 731 3667
505 273 1947
737 583 8767
176 619 2492
219 513 1845
232 506 631
906 966 7618
192 308 9467
862 184 8497
511 379 3669
338 584 2164
661 15 8007
286 307 6855
337 331 6083
437 621 5752
855 769 12
451 581 932
333 144 4195
303 930 584
633 877 8443
138 892 7971
788 703 6451
163 138 8510
804 818 4062
52 24 9619
309 682 3477
928 627 8417
16 473 4768
44 370 6788
436 930 4604
206 584 5446
413 440 6585
179 131 5386
452 328 1619
171 353 2023
292 291 3129
629 328 2571
804 211 3495
488 78 583
946 718 9125
881 357 525
194 706 4172
400 298 4282
492 912 9102
799 368 3295
572 69 7559
290 826 4473
196 428 1589
87 312 2128
807 434 1218
755 949 9823
708 349 850
741 163 7946
629 598 8590
188 767 6730
917 881 461
695 754 946
993 301 953
288 675 7029
324 689 8166
937 963 9942
808 573 802
16 716 2824
711 449 1142
938 851 9493
121 826 4235
236 107 9927
250 290 2969
156 479 9720
13 224 2031
313 505 4012
304 984 7230
254 640 2554
6 102 7369
993 834 6502
859 4 5063
483 200 5368
831 864 5254
405 241 6710
53 314 3022
398 979 9621
515 424 2598
139 982 1599
906 766 4545
666 65 9095
102 784 4793
923 105 2584
573 240 9758
544 842 7918
126 870 7852
997 491 6469
988 454 4592
957 511 8498
261 560 6860
943 999 9012
632 526 4333
842 118 8157
952 507 6320
265 616 6184
594 571 9838
368 595 4284
763 452 7181
64 596 2304
603 897 5898
991 119 3430
24 870 2018
822 64 4593
828 154 7601
516 823 4511
846 479 7602
977 866 1644
924 298 2139
877 285 636
58 315 6792
737 315 4571
382 242 1867
993 419 4304
450 610 7489
163 65 439
682 294 1218
931 467 2848
1 175 5069
601 505 7476
798 321 9507
97 574 2097
692 664 9960
972 553 8834
294 773 751
920 909 2715
249 263 4891
629 469 8720
154 329 3019
780 563 7166
445 206 7093
763 664 7997
258 837 9504
795 194 8232
984 14 2526
318 546 9887
768 958 2470
972 942 125
381 56 4811
54 80 8438
205 433 4737
694 356 8039
338 667 7022
71 16 1913
110 119 2566
832 861 8051
596 807 2410
917 928 3448
777 888 4268
896 53 6560
968 415 7365
347 539 4916
247 245 3754
374 393 3543
277 111 3302
830 158 6527
286 711 5209
235 244 1015
812 190 9120
585 327 3674
329 466 7044
59 415 7047
646 56 7937
303 654 8475
708 352 2993
911 178 5482
657 889 8410
506 827 2178
891 635 7532
600 634 4981
140 762 6208
30 422 9098
889 94 2623
829 42 2325
237 154 1286
159 808 9863
398 703 3217
697 246 6056
716 497 1078
75 330 7059
787 540 5799
452 137 3447
247 868 5660
830 728 2250
267 981 4640
393 644 4512
512 618 5626
824 517 7648
205 314 5250
562 855 4894
237 144 4813
340 800 2855
28 412 3132
2 149 9426
258 341 4582
817 872 8710
873 218 7539
173 35 5495
236 873 172
955 899 7169
120 839 1686
882 314 8239
704 488 7438
418 671 4386
411 668 5946
927 437 2610
723 496 5485
613 17 4470
547 524 249
686 151 8929
419 505 5341
963 264 9568
172 696 3385
821 516 4895
172 619 2583
675 338 427
617 315 7464
815 974 7405
818 896 3436
279 437 9774
304 704 4212
622 565 877
266 442 2821
325 617 7150
964 111 229
119 722 7486
869 717 33
39 534 4982
309 989 6047
212 513 8937
280 453 4311
360 643 1570
517 656 3671
912 520 2371
168 462 9160
784 347 3356
866 189 1802
97 193 9635
954 89 4361
494 837 422
96 710 9600
839 604 3289
862 830 5113
155 261 4166
19 444 3244
587 387 679
250 511 6833
54 127 9912
167 158 5683
869 896 3556
444 154 7267
594 668 5450
268 701 3904
340 555 6294
854 670 5176
159 255 4832
15 200 3824
696 225 5984
304 331 5139
290 354 7440
334 347 8309
169 998 457
784 730 4806
643 658 3547
172 886 4190
60 18 8288
56 340 1733
232 279 5375
157 406 3455
905 6 893
777 288 9562
196 38 829
344 486 4718
942 547 5580
25 744 4109
316 49 1646
377 465 6942
991 233 9797
452 475 6881
280 889 2162
634 938 1664
813 498 2612
922 633 132
536 975 4127
936 554 1571
443 534 6112
106 855 8710
743 922 4226
580 187 7004
691 127 5987
945 917 9291
18 700 7593
714 221 5290
886 98 9457
296 177 9650
667 231 9860
830 900 1194
602 112 6170
569 239 2409
654 507 1515
880 516 7422
697 816 8465
339 457 3428
857 20 4102
312 594 7803
823 88 1212
831 665 4761
826 453 1726
898 677 4717
86 891 8345
336 261 8828
659 260 3206
87 319 6484
355 375 6585
76 479 7431
590 220 7387
111 885 105
198 372 528
220 645 3275
744 639 6674
909 596 7624
870 429 1562
54 675 7295
671 197 5439
469 774 1395
749 111 6336
993 917 1624
715 235 3535
375 840 7740
10 604 1061
113 579 987
24 194 7657
423 327 5040
32 389 1373
104 955 6914
127 978 8680
586 480 6776
391 203 8410
493 830 7488
123 232 2669
980 418 5591
533 677 6322
142 324 256
761 51 6604
808 142 4562
689 183 2295
920 293 4650
819 509 1557
874 873 137
20 551 727
60 668 9847
491 228 1233
111 467 6531
51 559 6224
974 184 9254
550 632 8537
971 660 9507
318 656 9802
526 417 1844
356 228 6615
443 539 6443
801 155 3875
945 747 9596
390 473 8208
612 145 6115
515 988 5968
468 860 1246
228 744 9177
433 639 2830
545 971 8507
927 422 5333
345 318 2624
252 520 8954
779 883 817
810 425 7715
735 551 1942
40 60 2989
132 307 1173
140 642 5129
461 98 8082
763 344 7204
749 135 4605
855 998 9775
284 189 4189
129 420 40
269 379 5782
354 158 6458
598 159 5552
166 962 5660
368 331 791
320 701 1680
926 565 4836
828 526 7823
794 966 8583
149 739 8190
845 225 5865
914 987 9615
329 916 973
807 591 1215
57 788 4542
314 280 1021
755 150 6933
687 876 3815
755 446 6527
452 246 9280
168 158 980
17 626 7496
342 681 2750
856 118 8697
247 256 675
529 467 1313
54 835 8853
278 77 9546
344 739 9571
422 543 1456
605 461 3670
758 652 7793
2 105 7601
216 100 1497
568 264 746
236 886 1710
991 1000 1732
226 626 2478
584 45 623
46 135 9109
787 875 4099
864 684 1046
39 657 2355
463 317 3824
965 398 2817
397 375 2027
895 994 8081
64 756 5900
576 626 5828
697 283 3484
978 791 778
889 371 8426
126 77 5758
278 461 7327
37 760 1425
83 747 485
712 491 5214
965 277 3410
485 266 6654
15 93 1555
328 907 2214
142 495 2386
643 593 1802
935 789 4079
142 549 8729
130 328 7257
967 517 9607
158 592 8642
76 758 7296
328 650 6937
48 873 5542
655 709 1081
948 344 6705
711 71 2700
929 129 7134
499 892 6655
903 673 916
628 973 281
48 975 152
468 862 5584
632 683 4054
591 980 3477
715 725 664
860 568 986
529 664 6699
766 875 6088
379 189 6528
878 337 3633
386 381 2306
74 679 3444
801 551 8109
231 689 850
425 828 5704
356 456 4557
321 494 1619
837 589 8560
986 956 2506
991 10 9320
95 755 101
301 582 5876
738 398 6738
67 802 6512
397 519 7371
600 160 2629
765 982 3770
452 358 4454
418 958 3179
882 225 7121
559 231 7398
567 42 7870
106 833 3364
596 599 3158
768 77 1942
616 589 7675
219 46 9783
627 249 4222
260 991 1011
399 181 8126
484 573 9174
659 972 8888
992 351 746
230 766 1341
330 627 2367
792 914 1440
757 926 4729
287 747 8321
531 895 599
424 994 6871
118 533 8021
525 696 4392
189 108 2902
738 767 8642
845 516 8557
925 363 3069
962 681 3684
273 383 4717
99 945 4335
343 667 1830
144 531 272
997 875 6324
80 284 2915
625 84 5305
306 127 9395
141 725 5718
970 148 9664
98 763 4802
211 165 6217
50 979 3398
902 182 9534
331 376 6830
506 797 2429
574 965 8189
653 726 1515
47 345 1402
573 772 895
419 137 6865
155 490 9673
93 492 649
421 846 5876
902 441 136
887 928 9985
123 368 4296
582 347 8832
847 790 5870
740 550 5224
99 943 247
199 38 609
876 759 6079
834 312 2250
923 860 1265
268 954 8371
199 229 7073
225 527 768
403 414 1969
638 289 8653
252 240 1017
845 375 1385
316 861 4564
295 546 2311
712 421 2304
518 665 2470
595 905 2864
936 477 4037
936 981 1321
618 418 1876
429 395 7433
250 222 4662
776 117 4462
417 360 2066
114 722 4790
964 624 7702
692 45 4918
979 881 4983
762 331 8486
933 448 2399
57 337 7810
306 689 1864
356 390 7652
158 274 856
628 811 2497
796 518 8876
306 866 5672
568 11 4501
394 132 1104
731 329 5098
344 257 1613
839 127 6451
438 955 7964
970 119 4026
24 99 55
291 833 480
992 422 4032
905 322 1206
841 412 9753
137 591 4697
517 137 4028
462 768 9236
493 965 165
712 319 5449
448 865 8386
156 5 2011
592 476 3531
302 151 944
829 536 5791
79 273 1476
847 433 7699
785 643 8799
89 649 5544
564 399 6650
255 75 8092
337 321 8070
739 940 4664
106 798 1062
205 250 4486
748 845 2521
459 815 878
537 640 7556
358 129 3454
595 689 3946
244 959 1916
918 700 8461
528 800 170
492 998 5372
925 638 7347
46 52 5332
417 283 54
146 845 1317
449 809 1165
918 691 8657
64 59 5710
854 598 1728
63 717 3472
155 20 4809
567 481 9257
88 257 5636
81 893 5529
709 589 8969
750 874 8247
262 773 3072
514 346 5820
490 552 7314
379 367 5589
940 663 1369
693 712 68
58 812 7580
691 187 7712
512 123 9041
514 122 1681
450 629 847
361 463 3519
491 181 6539
902 813 7373
589 465 3556
245 977 1148
776 800 9460
195 737 6703
841 189 5283
331 480 6565
606 622 9476
847 889 5970
39 696 2206
489 847 7815
632 858 8084
797 766 3591
409 921 5642
648 198 2006
823 342 7107
991 727 173
337 363 1196
260 22 9347
360 216 4209
674 737 914
482 304 7585
925 489 5783
126 815 9493
233 659 4946
255 252 2007
602 27 2851
481 180 6291
135 311 8850
983 229 2630
607 662 7555
760 978 8858
101 261 2753
320 824 8956
600 41 4399
176 490 6666
392 165 3471
111 845 8542
137 94 5535
642 630 762
907 351 2416
550 451 9160
926 360 8854
739 86 8025
846 433 9790
826 217 2557
620 133 902
584 288 1195
349 919 5253
178 894 2636
314 187 4590
39 129 6508
834 344 2932
639 985 8242
692 129 2205
539 85 880
47 532 3212
184 74 2220
160 66 9032
198 543 8991
83 985 8584
95 195 9788
591 376 8932
690 746 8547
245 531 2919
398 154 3427
457 188 1034
6 153 3431
489 367 2376
530 636 2062
846 857 592
586 974 3085
265 429 262
475 272 8579
997 811 9288
169 96 6200
284 650 3738
292 777 6200
285 643 334
84 622 7060
943 187 2762
908 120 2489
730 251 2784
353 651 5439
851 525 7196
343 803 5352
740 833 1542
504 771 5859
841 311 9498
933 207 627
340 826 1915
152 232 2992
448 287 9097
146 614 3818
182 697 9688
135 643 9016
691 318 2228
553 490 3135
642 112 4847
818 325 427
374 384 6419
912 401 5143
680 678 7893
148 198 7722
929 963 9786
333 539 4378
259 664 9769
192 455 1389
438 647 9955
922 638 531
755 60 1843
329 732 6027
833 843 5679
658 485 718
700 319 7178
681 788 9865
346 826 502
547 375 4199
126 945 2379
447 309 5086
908 18 377
494 816 6043
244 347 1970
336 660 6509
439 577 8561
282 612 7827
831 417 1825
945 902 9205
409 881 6300
190 679 463
742 29 8487
22 394 2133
289 354 4212
321 824 7824
2 756 9089
184 225 2884
741 77 3725
172 742 5528
686 734 5283
368 215 2879
944 780 8504
234 475 9655
284 89 7718
10 308 9734
783 83 8593
823 14 4669
657 579 626
218 683 5913
450 198 522
952 344 9703
826 697 7263
178 351 9560
750 980 8046
428 125 1687
197 573 5969
72 523 3057
948 204 7242
724 510 5620
958 730 9468
438 266 7309
623 332 3874
515 871 1958
352 721 5436
747 895 8493
63 232 9135
860 364 8936
539 48 5305
432 555 7501
801 672 7827
81 142 7458
923 66 4708
292 911 2885
519 904 5541
195 528 1221
430 841 8901
661 301 4869
446 35 5630
906 18 62
614 327 4141
934 660 620
351 788 9431
70 303 3354
96 399 9604
44 106 9470
101 774 1627
78 625 6266
830 627 398
544 939 2029
635 221 5346
573 847 803
28 172 3565
941 999 4547
155 144 5149
498 386 3377
849 923 9014
489 687 4195
365 496 8993
295 875 6047
601 259 6078
864 729 5033
881 566 1187
95 121 862
519 378 9999
331 767 4599
186 298 2178
740 292 7760
522 509 4312
585 785 444
743 432 7028
206 286 380
127 661 6168
865 961 5022
437 735 7715
32 596 8037
418 992 9816
714 246 7472
663 532 2381
141 126 9563
992 887 8367
309 713 2543
704 229 6321
39 440 6449
665 132 8595
467 146 7469
692 534 4344
973 863 7927
483 588 3079
681 14 2895
222 30 6513
461 412 2178
969 278 8143
190 582 6
120 966 9098
97 113 5481
182 913 1466
524 568 7378
833 877 7566
240 299 6413
867 385 5102
968 487 4474
752 246 6476
96 500 7532
907 419 1183
500 893 8980
706 684 6731
764 62 281
413 347 6183
553 216 1451
764 133 7234
783 531 9592
112 240 1955
886 342 5708
253 149 3548
276 924 4656
900 175 4883
614 123 5268
102 738 6201
485 71 3989
346 964 894
697 243 1387
485 372 7022
832 281 5602
794 682 8645
280 956 8391
25 739 6843
955 860 3756
28 23 8007
658 343 7985
277 887 1352
779 87 6400
872 456 4462
301 9 4222
293 953 2757
104 642 2214
851 25 9402
245 187 8145
214 735 4353
516 367 8644
335 778 2065
163 605 4375
779 222 8632
276 24 3705
1 732 5819
347 603 2342
440 503 8081
965 161 5368
604 888 2566
821 434 485
602 613 864
914 797 860
437 330 4933
962 166 2772
120 132 5426
825 600 2339
531 125 6761
357 962 3597
531 741 8065
283 960 3959
190 52 7079
736 21 5252
396 690 9058
663 898 5316
778 69 8801
553 357 662
421 913 6031
146 253 5515
205 598 1479
60 470 7016
677 551 6869
648 654 7954
251 399 1133
470 608 3227
458 510 3744
820 919 7754
853 180 9300
230 577 1222
324 390 2703
13 705 9704
912 398 4248
421 428 3431
944 978 8250
281 233 6034
15 923 9323
44 380 6356
95 886 2379
479 718 1198
503 912 8489
255 635 4091
915 424 5207
329 459 947
251 196 7612
37 967 6790
363 228 8431
851 98 9021
393 522 8772
582 276 8682
55 990 7452
429 502 9900
203 133 5315
709 699 1429
352 429 452
957 127 7101
395 908 1512
38 32 7551
123 56 252
798 60 8329
197 469 7800
237 33 8518
330 819 5226
670 232 880
639 767 4748
17 52 8417
5 53 363
892 752 6172
375 989 7034
490 267 4636
695 51 3425
949 702 2542
77 410 4187
159 723 3848
130 478 49
316 71 3229
896 957 4217
391 214 6590
828 395 6777
138 965 5794
752 611 3294
520 531 5828
35 530 9551
19 906 9250
220 749 9547
308 997 8271
796 73 800
164 293 6764
69 948 2237
596 327 7329
224 62 9296
167 988 4252
231 306 3804
593 827 9293
636 584 8945
301 686 6954
446 371 4359
929 674 8493
192 851 4994
6 528 7484
559 858 7562
692 970 7567
514 827 7894
308 524 286
447 207 2083
29 427 160
769 191 8802
909 78 6439
134 103 3309
736 914 4747
290 649 9956
907 463 7508
505 201 8729
304 246 6472
118 709 8060
585 903 5232
76 615 4686
772 112 5990
812 277 7770
808 987 8471
219 713 2034
985 32 740
804 28 9698
947 564 6519
586 975 4377
510 40 9079
424 794 8119
570 622 3909
628 185 5964
855 424 3384
805 105 9691
468 189 8442
747 963 5276
402 665 5035
290 687 9941
250 20 7809
875 730 4531
364 289 464
630 188 5297
972 46 2544
427 116 6454
338 6 143
421 513 9305
855 264 3141
508 905 3415
355 814 4757
814 88 5969
970 746 623
99 856 5891
332 461 4984
510 659 7820
171 895 1973
640 876 3538
414 888 3059
53 385 8974
127 545 8108
793 249 7074
326 769 8192
212 120 8436
743 204 4519
6 79 371
874 585 2844
559 919 614
351 6 6433
272 763 4360
307 517 6700
765 147 4890
911 665 874
118 787 6261
51 733 8946
385 602 8878
163 348 3304
758 154 4286
641 153 9317
10 203 9954
249 635 4667
578 70 8221
544 516 4679
313 8 4938
492 427 5645
39 890 7583
532 515 373
35 988 9037
317 87 9149
660 934 8024
852 367 6197
596 981 1412
626 248 5471
853 59 2389
89 937 1543
845 586 3350
871 349 2853
614 831 4250
30 457 56
271 454 7492
752 513 321
287 123 4414
555 711 3732
107 990 8850
919 710 2199
665 313 7832
891 22 157
10 325 1213
102 947 7298
36 621 5436
445 376 3139
540 137 7287
66 312 7205
654 511 9444
344 722 2947
907 230 1966
845 531 7764
237 796 4979
435 729 9635
105 481 4739
401 391 3152
300 569 5471
555 236 174
666 717 1168
401 260 3778
665 938 5231
510 895 6972
579 392 5695
967 318 3666
699 253 5587
706 478 8300
905 503 3322
254 159 7141
515 314 8034
773 153 3279
175 319 9789
978 289 6319
632 357 9479
289 310 905
112 105 816
252 259 6528
315 146 1530
681 128 2249
388 237 1288
116 884 8821
116 841 3935
205 770 7344
236 691 4794
223 404 7368
808 585 9089
881 454 4598
409 166 9954
836 637 2030
82 443 2669
810 173 2810
372 798 285
845 435 3764
946 976 5944
64 859 9053
945 866 3463
383 34 3373
13 153 1878
580 173 7957
478 235 9061
748 774 4204
776 592 6384
116 243 621
412 701 9089
813 820 8394
316 39 613
511 613 3998
697 335 2031
371 290 6371
108 22 3863
55 970 551
163 185 5521
129 471 17
751 433 4623
577 398 2747
778 13 6681
540 119 538
946 20 9293
305 993 7231
595 447 378
880 589 5560
781 211 3988
591 331 5977
36 84 5380
857 274 9239
670 948 6782
238 894 581
464 867 2376
900 237 5861
878 640 6412
666 165 2150
62 849 8158
550 966 4956
316 687 798
387 227 4396
180 778 8882
270 191 16
856 276 6498
409 374 3070
682 626 3345
6 115 2810
291 733 1257
431 759 4969
157 397 2973
371 939 8572
589 422 1435
796 115 5149
528 384 8772
551 963 5931
493 961 2854
905 837 7244
745 788 591
873 149 7131
175 348 7539
622 961 6830
448 685 1338
154 826 3422
893 725 8245
228 61 5710
797 443 558
981 656 1841
817 502 8445
715 174 3083
646 865 7399
167 689 2041
488 393 4771
8 914 8087
762 505 9109
551 333 9722
101 711 8579
752 185 9195
930 632 6813
516 598 6000
258 711 6156
749 231 6395
112 998 5070
284 484 9762
277 136 8179
225 127 8431
642 708 775
718 545 9922
109 653 456
782 551 2903
487 516 5094
831 874 7787
536 240 3096
520 492 9971
190 936 8610
683 609 9704
718 859 6045
655 52 8970
853 930 5505
867 579 9891
61 208 869
774 699 6198
495 866 900
121 332 3084
748 421 3949
231 909 2123
424 903 9190
406 805 1901
459 959 5310
811 116 5177
261 656 7477
206 477 8531
800 108 7883
865 260 170
428 543 8300
554 299 1896
270 292 7540
233 410 4595
522 935 9377
54 609 6170
105 934 4587
565 946 4114
804 507 7465
735 960 5472
931 335 7309
585 993 5014
988 98 9090
231 877 7994
639 963 5973
671 580 7435
184 512 1760
313 729 8662
212 757 277
322 868 5200
415 200 4635
785 164 2989
650 1 608
511 45 4372
754 183 6641
751 996 1238
53 318 5572
762 101 4101
960 818 7725
404 654 66
986 265 1432
156 256 4085
369 590 4667
722 792 5329
361 571 3837
882 105 8016
659 353 5464
511 983 9670
27 703 9088
979 668 592
634 161 4443
604 768 3844
1000 823 9256
259 569 4689
445 569 3664
371 105 2307
807 753 8384
727 476 63
226 353 7586
640 970 7069
812 794 8721
694 389 4068
6 878 8960
844 240 9976
131 864 6280
616 874 8507
668 108 8127
954 936 844
817 564 3932
336 13 4673
624 168 7462
339 194 1884
803 899 462
821 892 9156
946 157 6265
828 153 1036
808 940 6314
219 431 5497
332 941 9505
641 453 5593
605 836 6145
529 595 6905
26 824 9735
782 932 81
296 718 6265
776 645 5160
750 542 9058
496 73 6245
376 96 2160
555 576 8538
304 418 172
926 928 7504
836 41 5105
846 242 6596
150 548 4467
832 379 9250
943 693 9518
645 693 6440
898 168 4250
690 339 2545
774 289 586
600 221 2066
347 53 8442
231 350 4726
868 516 6340
146 788 545
416 63 2798
915 456 1204
289 95 9118
859 828 9307
304 247 4819
889 869 6087
101 421 2205
357 762 7575
243 913 5724
922 23 1513
772 659 9782
439 190 9080
752 374 7587
982 401 9766
717 187 7593
789 271 5370
281 816 5338
188 667 4797
101 277 8119
622 854 2615
815 488 6720
857 251 7408
544 797 71
993 732 5789
156 978 8052
582 303 721
19 500 2046
164 601 3621
681 512 4400
698 824 6591
858 513 1060
151 68 55
604 1 984
4 444 9179
449 291 3432
250 773 5607
13 608 8745
694 725 1416
966 814 3373
569 13 8128
140 957 8498
809 78 6754
901 521 4616
895 222 2880
47 76 1932
794 66 9297
674 148 1333
83 380 5834
338 86 1803
696 645 2892
502 475 2849
411 893 7397
262 508 3917
451 59 1336
155 441 9366
267 208 47
312 145 1671
258 512 3548
165 818 8449
367 722 4406
871 204 2666
445 444 8499
832 300 3696
509 601 1653
574 97 4720
109 619 5228
127 623 6247
613 441 4302
682 244 3921
948 90 6080
317 200 3875
243 395 6138
826 114 9654
337 893 7167
422 877 2055
466 209 8290
6 866 8267
860 893 6622
152 205 7949
943 37 1752
505 653 8668
751 239 3227
729 864 281
868 410 1085
228 851 8086
151 241 6776
105 403 3407
582 811 3082
791 755 9746
447 613 3626
599 625 3477
177 305 6072
608 345 6735
658 502 5142
470 193 4422
996 350 328
829 261 7323
938 825 6176
109 34 8791
33 364 7211
607 345 6821
704 325 7928
993 963 8393
860 24 3177
583 135 3210
64 649 2212
382 153 5444
886 637 3638
240 433 5914
233 54 5280
227 781 5016
993 621 6259
26 650 6190
853 566 9688
294 39 9441
520 503 889
659 536 2662
202 155 7119
214 802 9349
132 441 2997
997 95 1340
329 413 2688
975 624 9770
629 34 9726
233 912 4848
859 521 8110
748 636 9226
289 283 7674
535 237 5901
132 40 2696
219 632 9937
323 752 267
470 17 7082
781 984 498
29 31 9769
907 495 6692
198 434 6206
546 350 2393
574 722 3722
766 920 7267
359 951 1360
790 663 675
565 904 1895
285 7 9022
454 213 3146
588 510 890
516 628 581
106 856 607
350 551 8403
100 571 3016
548 182 3362
80 956 1337
762 555 2370
654 85 3724
395 474 1414
800 768 6590
811 481 5914
877 472 1915
101 94 7590
444 14 5531
352 718 2477
389 902 5848
314 828 2900
406 992 2639
195 849 3074
393 846 5423
587 495 2502
315 767 347
804 367 310
39 256 6911
380 579 3348
868 775 5607
38 921 7246
225 993 2512
861 360 2890
321 814 2788
794 680 1804
888 556 3443
134 152 1061
664 748 2074
401 368 8910
195 154 332
231 52 1888
782 237 874
62 175 1393
390 7 5530
496 780 9200
64 506 5586
606 157 3780
644 47 107
538 45 41
553 342 4523
753 541 8215
290 978 2235
179 112 9752
387 9 1566
652 767 231
319 895 9941
216 734 4482
413 572 4739
105 864 5303
255 683 5520
994 253 3415
987 271 8087
343 574 824
97 349 3181
357 361 9122
256 274 7818
936 223 9001
21 132 7909
874 621 8303
60 70 6681
342 115 2728
618 411 5416
512 722 5798
62 714 2487
617 439 7827
909 547 5365
174 329 901
136 271 6646
962 801 5329
288 848 7364
179 975 8451
788 284 6894
609 118 909
631 771 5594
178 151 4108
202 480 5516
455 185 5262
241 880 7759
30 766 8372
54 428 836
226 836 4906
910 461 7436
159 745 4228
797 662 184
325 451 3475
809 334 4251
345 510 6938
791 818 378
338 503 4173
694 829 9899
154 439 274
248 823 8877
811 158 8752
242 545 5830
750 634 7649
991 650 6181
135 846 6588
47 4 3199
799 123 6074
111 454 7266
401 823 6814
158 286 7823
98 914 9474
150 960 3045
324 453 6295
365 577 7224
676 22 6423
412 918 6107
169 531 7595
149 422 3833
943 271 8732
566 463 5137
347 19 1864
203 152 6051
121 686 1531
859 968 2800
525 949 9564
726 813 7726
110 101 1851
968 307 6225
923 760 3649
226 770 4587
799 603 7104
486 116 8704
403 858 4211
456 431 9016
361 574 4312
329 476 8412
596 820 41
264 977 1975
228 979 5261
40 221 5604
750 188 7631
54 692 8974
434 305 9066
644 859 6313
281 496 9628
30 144 4201
763 414 5698
838 662 3846
755 847 6274
499 963 4665
474 161 7132
